120.5383534,2.009880E-04,568,3.9999509E+05,1.6733379E+01,2.8786958E+03,6.1261219E-01,4.0338391E+05,1.6377560E+01,0000000000000000,,,,,621.21822,4.1029540E-05,848.89771,5.4501361E-05,2.5252218E-04,-2.7627391E-03
120.5587877,2.016450E-04,569,3.9987503E+05,1.6733360E+01,2.8766165E+03,6.1260784E-01,4.0326350E+05,1.6457632E+01,0000000000000000,,,,,621.21829,4.1041712E-05,848.89738,5.4518434E-05,4.8530611E-04,-3.0515112E-03
120.5792218,2.023019E-04,570,3.9992681E+05,1.6733343E+01,2.8763384E+03,6.1260343E-01,4.0331172E+05,1.6681124E+01,0000000000000000,,,,,621.21842,4.1035775E-05,848.89773,5.4508509E-05,5.9813750E-04,-2.6514831E-03
120.5996562,2.029589E-04,571,3.9992294E+05,1.6733326E+01,2.8789749E+03,6.1259907E-01,4.0332281E+05,1.6633310E+01,0000000000000000,,,,,621.21882,4.1037209E-05,848.89785,5.4509343E-05,1.0878985E-03,-2.7052884E-03
120.6200904,2.036158E-04,572,3.9997209E+05,1.6733307E+01,2.8763250E+03,6.1259472E-01,4.0335975E+05,1.6714779E+01,0000000000000000,,,,,621.21916,4.1034258E-05,848.89808,5.4503926E-05,1.3312023E-03,-2.3962916E-03
120.6405246,2.042726E-04,573,3.9996388E+05,1.6733290E+01,2.8788306E+03,6.1259037E-01,4.0335959E+05,1.6630182E+01,0000000000000000,,,,,621.21930,4.1035717E-05,848.89866,5.4502798E-05,1.5161417E-03,-2.0594285E-03
120.6609588,2.049295E-04,574,3.9994616E+05,1.6733273E+01,2.8769119E+03,6.1258602E-01,4.0334497E+05,1.6676348E+01,0000000000000128,,,,,621.21952,4.1036947E-05,848.89829,5.4505483E-05,1.7232916E-03,-2.2466355E-03
120.6813932,2.055863E-04,575,3.9994722E+05,1.6733255E+01,2.8749629E+03,6.1258161E-01,4.0334378E+05,1.6650179E+01,0000000000000000,,,,,621.21944,4.1036717E-05,848.89849,5.4503773E-05,1.6528411E-03,-2.1221717E-03
120.7018274,2.062431E-04,576,3.9995797E+05,1.6733236E+01,2.8751572E+03,6.1257726E-01,4.0335488E+05,1.6687550E+01,0000000000000000,,,,,621.21944,4.1036878E-05,848.89844,5.4503664E-05,1.6571840E-03,-2.1908181E-03
120.7222616,2.068998E-04,577,3.9993203E+05,1.6733219E+01,2.8791511E+03,6.1257291E-01,4.0332941E+05,1.6633524E+01,0000000000000000,,,,,621.21953,4.1039893E-05,848.89899,5.4504799E-05,1.7690453E-03,-1.7946685E-03
120.7426960,2.075566E-04,578,3.9991250E+05,1.6733202E+01,2.8752434E+03,6.1256856E-01,4.0330781E+05,1.6743378E+01,0000000000000000,,,,,621.21960,4.1039868E-05,848.89827,5.4507324E-05,1.8421287E-03,-2.4394740E-03
120.7631301,2.082133E-04,579,3.9992919E+05,1.6733183E+01,2.8748984E+03,6.1256415E-01,4.0333366E+05,1.6624769E+01,0000000000000000,,,,,621.21953,4.1037896E-05,848.89873,5.4502187E-05,1.7164350E-03,-2.1255813E-03
120.7835644,2.088700E-04,580,3.9998012E+05,1.6733166E+01,2.8771777E+03,6.1255980E-01,4.0337869E+05,1.6730072E+01,0000000000000000,,,,,621.21940,4.1033782E-05,848.89845,5.4497381E-05,1.6237384E-03,-2.2270903E-03
120.8039986,2.095266E-04,581,3.9996309E+05,1.6733149E+01,2.8735681E+03,6.1255544E-01,4.0336203E+05,1.6756807E+01,0000000000000000,,,,,621.21946,4.1036357E-05,848.89839,5.4500542E-05,1.6861669E-03,-2.4222394E-03
120.8244329,2.101833E-04,582,3.9994662E+05,1.6733131E+01,2.8734824E+03,6.1255103E-01,4.0335144E+05,1.6648832E+01,0000000000000000,,,,,621.21928,4.1038387E-05,848.89874,5.4501172E-05,1.6217129E-03,-2.0503080E-03
120.8448672,2.108399E-04,583,3.9994188E+05,1.6733112E+01,2.8718892E+03,6.1254662E-01,4.0333453E+05,1.6845198E+01,0000000000000000,,,,,621.21924,4.1037667E-05,848.89836,5.4501328E-05,1.5468133E-03,-2.2927260E-03
120.8653014,2.114965E-04,584,3.9995156E+05,1.6733095E+01,2.8774229E+03,6.1254227E-01,4.0335225E+05,1.6753075E+01,0000000000000000,,,,,621.21941,4.1037150E-05,848.89826,5.4500528E-05,1.6948666E-03,-2.4910846E-03
120.8857358,2.121530E-04,585,3.9993672E+05,1.6733078E+01,2.8725630E+03,6.1253786E-01,4.0332741E+05,1.6783403E+01,0000000000000000,,,,,621.21948,4.1040017E-05,848.89843,5.4503060E-05,1.7779953E-03,-2.2075039E-03
120.9061699,2.128096E-04,586,3.9993603E+05,1.6733061E+01,2.8803037E+03,6.1253351E-01,4.0332972E+05,1.6798019E+01,0000000000000000,,,,,621.21957,4.1039992E-05,848.89822,5.4503402E-05,1.8770893E-03,-2.4812801E-03
120.9266042,2.134661E-04,587,3.9999809E+05,1.6733042E+01,2.8760042E+03,6.1252916E-01,4.0339453E+05,1.6807493E+01,0000000000000000,,,,,621.21974,4.1033578E-05,848.89836,5.4493739E-05,2.1179777E-03,-2.3350620E-03
120.9470385,2.141226E-04,588,3.9995878E+05,1.6733025E+01,2.8713977E+03,6.1252475E-01,4.0335144E+05,1.6801376E+01,0000000000000000,,,,,621.21970,4.1038176E-05,848.89828,5.4499691E-05,2.0777581E-03,-2.4477339E-03
120.9674727,2.147790E-04,589,3.9993422E+05,1.6733007E+01,2.8744900E+03,6.1252034E-01,4.0332566E+05,1.6731926E+01,0000000000000000,,,,,621.21980,4.1039570E-05,848.89748,5.4504442E-05,2.1653220E-03,-3.1111201E-03
120.9879070,2.154354E-04,590,3.9993828E+05,1.6732988E+01,2.8722310E+03,6.1251599E-01,4.0332841E+05,1.6819302E+01,0000000000000000,,,,,621.21998,4.1037081E-05,848.89722,5.4501765E-05,2.2207650E-03,-3.4028180E-03
121.0083411,2.160918E-04,591,3.9994103E+05,1.6732973E+01,2.8740059E+03,6.1251158E-01,4.0332597E+05,1.6730528E+01,0000000000000000,,,,,621.22012,4.1038147E-05,848.89698,5.4503696E-05,2.4286231E-03,-3.5355652E-03
121.0287755,2.167482E-04,592,3.9995897E+05,1.6732954E+01,2.8751077E+03,6.1250716E-01,4.0335200E+05,1.6808390E+01,0000000000000000,,,,,621.22033,4.1037671E-05,848.89738,5.4500757E-05,2.5822495E-03,-3.2142040E-03
121.0492097,2.174046E-04,593,3.9996534E+05,1.6732922E+01,2.8740498E+03,6.1250138E-01,4.0334928E+05,1.6794849E+01,0000000000008192,,,,,621.22053,4.1034615E-05,848.89687,5.4498458E-05,2.8126813E-03,-3.7050890E-03
121.0696440,2.180609E-04,594,3.9995944E+05,1.6732889E+01,2.8745647E+03,6.1249560E-01,4.0334669E+05,1.6820732E+01,0000000000008192,,,,,621.22022,4.1037831E-05,848.89735,5.4500160E-05,2.6013763E-03,-3.1433047E-03
121.0900782,2.187172E-04,595,3.9999562E+05,1.6732855E+01,2.8730520E+03,6.1248982E-01,4.0337988E+05,1.6782263E+01,0000000000000000,,,,,621.22039,4.1033840E-05,848.89738,5.4494238E-05,2.6909832E-03,-3.2022209E-03
121.1105125,2.193735E-04,596,3.9996381E+05,1.6732822E+01,2.8745979E+03,6.1248404E-01,4.0334666E+05,1.6797771E+01,0000000000000000,,,,,621.22047,4.1035884E-05,848.89715,5.4497494E-05,2.7586231E-03,-3.2581261E-03
121.1309467,2.200297E-04,597,3.9996191E+05,1.6732788E+01,2.8797771E+03,6.1247820E-01,4.0333884E+05,1.6800488E+01,0000000000000000,,,,,621.22054,4.1036215E-05,848.89702,5.4498010E-05,2.8220222E-03,-3.4726062E-03
121.1513809,2.206859E-04,598,3.9996294E+05,1.6732756E+01,2.8786787E+03,6.1247241E-01,4.0334756E+05,1.6840309E+01,0000000000000000,,,,,621.22038,4.1035561E-05,848.89731,5.4495373E-05,2.6145175E-03,-3.1802077E-03
121.1718153,2.213421E-04,599,3.9994297E+05,1.6732723E+01,2.8717795E+03,6.1246663E-01,4.0332138E+05,1.6826906E+01,0000000000000000,,,,,621.22035,4.1035808E-05,848.89684,5.4497290E-05,2.5452278E-03,-3.5885111E-03
121.1922495,2.219983E-04,600,3.9992362E+05,1.6732691E+01,2.8716194E+03,6.1246085E-01,4.0330616E+05,1.6854870E+01,0000000000000000,,,,,621.22015,4.1038402E-05,848.89715,5.4498880E-05,2.4522617E-03,-3.3419416E-03
121.2126837,2.226544E-04,601,3.9994950E+05,1.6732656E+01,2.8718521E+03,6.1245501E-01,4.0332581E+05,1.6879122E+01,0000000000000000,,,,,621.21977,4.1036805E-05,848.89714,5.4496311E-05,2.0584166E-03,-3.1931940E-03
121.2331180,2.233105E-04,602,3.9992834E+05,1.6732624E+01,2.8714722E+03,6.1244923E-01,4.0330334E+05,1.6876856E+01,0000000000000000,,,,,621.21962,4.1037569E-05,848.89751,5.4495220E-05,1.9196279E-03,-2.9266789E-03
121.2535523,2.239666E-04,603,3.9993788E+05,1.6732590E+01,2.8696055E+03,6.1244339E-01,4.0331475E+05,1.6904484E+01,0000000000000000,,,,,621.21955,4.1036332E-05,848.89770,5.4492284E-05,1.8438201E-03,-2.7803034E-03
121.2739864,2.246226E-04,604,3.9995859E+05,1.6732557E+01,2.8642573E+03,6.1243761E-01,4.0333000E+05,1.6908094E+01,0000000000000000,,,,,621.21938,4.1032541E-05,848.89762,5.4487107E-05,1.6751213E-03,-2.8511172E-03
121.2944207,2.252787E-04,605,3.9988078E+05,1.6732525E+01,2.8700908E+03,6.1243176E-01,4.0324756E+05,1.6902155E+01,0000000000000000,,,,,621.21929,4.1039901E-05,848.89729,5.4497817E-05,1.5717978E-03,-3.1328008E-03
121.3148551,2.259347E-04,606,3.9993041E+05,1.6732492E+01,2.8666106E+03,6.1242592E-01,4.0330228E+05,1.6855238E+01,0000000000000000,,,,,621.21921,4.1034640E-05,848.89762,5.4488923E-05,1.5227110E-03,-2.7804489E-03
121.3352893,2.265906E-04,607,3.9991075E+05,1.6732458E+01,2.8669309E+03,6.1242014E-01,4.0326769E+05,1.6724226E+01,0000000000000000,,,,,621.21950,4.1038249E-05,848.89740,5.4494194E-05,1.7486796E-03,-2.9655788E-03
121.3557235,2.272466E-04,608,3.9999609E+05,1.6732426E+01,2.8699248E+03,6.1241430E-01,4.0336988E+05,1.6820602E+01,0000000000000000,,,,,621.21939,4.1028910E-05,848.89785,5.4479351E-05,1.5490294E-03,-2.6107868E-03
121.3761578,2.279025E-04,609,3.9993209E+05,1.6732391E+01,2.8685762E+03,6.1240846E-01,4.0329934E+05,1.6840090E+01,0000000000000000,,,,,621.21939,4.1034371E-05,848.89722,5.4488868E-05,1.6252529E-03,-3.0455317E-03
121.3965921,2.285584E-04,610,3.9995794E+05,1.6732359E+01,2.8647683E+03,6.1240262E-01,4.0332206E+05,1.6877802E+01,0000000000000000,,,,,621.21949,4.1031424E-05,848.89727,5.4484259E-05,1.6689165E-03,-3.0667903E-03
121.4170262,2.292142E-04,611,3.9993916E+05,1.6732327E+01,2.8667520E+03,6.1239678E-01,4.0330344E+05,1.6766703E+01,0000000000000000,,,,,621.21930,4.1033356E-05,848.89771,5.4484415E-05,1.5246853E-03,-2.6300142E-03
121.4374605,2.298701E-04,612,3.9995569E+05,1.6732294E+01,2.8701606E+03,6.1239094E-01,4.0332050E+05,1.6900631E+01,0000000000000000,,,,,621.21948,4.1032214E-05,848.89768,5.4482563E-05,1.6962995E-03,-2.7678499E-03
121.4578948,2.305259E-04,613,3.9993500E+05,1.6732260E+01,2.8680181E+03,6.1238509E-01,4.0329941E+05,1.6879795E+01,0000000000000000,,,,,621.21940,4.1035819E-05,848.89777,5.4486482E-05,1.6010028E-03,-2.5415395E-03
121.4783290,2.311816E-04,614,3.9992375E+05,1.6732225E+01,2.8641802E+03,6.1237925E-01,4.0329322E+05,1.6890970E+01,0000000000000000,,,,,621.21928,4.1034862E-05,848.89780,5.4484583E-05,1.5748437E-03,-2.5484087E-03
121.4987633,2.318374E-04,615,3.9998428E+05,1.6732193E+01,2.8643469E+03,6.1237341E-01,4.0334497E+05,1.6897167E+01,0000000000000000,,,,,621.21947,4.1027986E-05,848.89780,5.4475000E-05,1.6576872E-03,-2.5657986E-03
121.5191975,2.324931E-04,616,3.9996012E+05,1.6732161E+01,2.8631240E+03,6.1236757E-01,4.0333322E+05,1.6848801E+01,0000000000000000,,,,,621.21931,4.1030475E-05,848.89811,5.4476466E-05,1.4517616E-03,-2.3890045E-03
121.5396319,2.331488E-04,617,3.9995206E+05,1.6732128E+01,2.8658230E+03,6.1236793E-01,4.0331862E+05,1.6801813E+01,0000000000000000,,,,,621.21929,4.1032385E-05,848.89762,5.4480461E-05,1.4936049E-03,-2.6974950E-03
121.5600661,2.338045E-04,618,3.9996775E+05,1.6732098E+01,2.8620986E+03,6.1236829E-01,4.0333484E+05,1.6867121E+01,0000000000000000,,,,,621.21928,4.1028026E-05,848.89779,5.4473283E-05,1.4717509E-03,-2.5456864E-03
121.5805003,2.344601E-04,619,3.9997450E+05,1.6732065E+01,2.8850354E+03,6.1236864E-01,4.0334378E+05,1.6801565E+01,0000000000000000,,,,,621.21911,4.1028867E-05,848.89791,5.4473199E-05,1.3266456E-03,-2.3976250E-03
121.6009346,2.351157E-04,620,3.9993766E+05,1.6732035E+01,2.8638530E+03,6.1236900E-01,4.0330200E+05,1.6880295E+01,0000000000000000,,,,,621.21925,4.1033200E-05,848.89788,5.4478405E-05,1.5141865E-03,-2.4502247E-03
121.6213689,2.357713E-04,621,3.9994688E+05,1.6732002E+01,2.8657014E+03,6.1236942E-01,4.0330978E+05,1.6865313E+01,0000000000000000,,,,,621.21904,4.1030788E-05,848.89805,5.4473792E-05,1.2643400E-03,-2.3428723E-03
121.6418030,2.364268E-04,622,3.9993250E+05,1.6731970E+01,2.8643445E+03,6.1236972E-01,4.0329675E+05,1.6934118E+01,0000000000008192,,,,,621.21898,4.1032301E-05,848.89750,5.4477518E-05,1.1719022E-03,-2.7866939E-03
121.6622373,2.370823E-04,623,3.9992262E+05,1.6731937E+01,2.8627158E+03,6.1237007E-01,4.0328606E+05,1.6891321E+01,0000000000000000,,,,,621.21914,4.1031133E-05,848.89740,5.4475782E-05,1.2013539E-03,-2.6150136E-03
121.6826717,2.377378E-04,624,3.9997044E+05,1.6731905E+01,2.8660613E+03,6.1237043E-01,4.0333338E+05,1.6890192E+01,0000000000000000,,,,,621.21895,4.1028114E-05,848.89769,5.4469809E-05,1.1293779E-03,-2.5152781E-03
121.7031058,2.383933E-04,625,3.9995325E+05,1.6731874E+01,2.8613823E+03,6.1237079E-01,4.0331191E+05,1.6849907E+01,0000000000000000,,,,,621.21910,4.1030002E-05,848.89753,5.4472384E-05,1.2458994E-03,-2.7420586E-03
121.7235401,2.390487E-04,626,3.9995397E+05,1.6731842E+01,2.8629795E+03,6.1237115E-01,4.0331219E+05,1.6878695E+01,0000000000000000,,,,,621.21892,4.1030140E-05,848.89717,5.4473468E-05,1.0735792E-03,-3.0374941E-03
121.7439744,2.397041E-04,627,3.9993009E+05,1.6731810E+01,2.8601802E+03,6.1237144E-01,4.0329238E+05,1.6893091E+01,0000000000000000,,,,,621.21876,4.1032687E-05,848.89782,5.4473308E-05,1.0118739E-03,-2.4536257E-03
121.7644086,2.403595E-04,628,3.9993953E+05,1.6731779E+01,2.8615764E+03,6.1237180E-01,4.0329903E+05,1.6923912E+01,0000000000000000,,,,,621.21896,4.1031148E-05,848.89748,5.4472101E-05,1.1127023E-03,-2.7977750E-03
121.7848428,2.410148E-04,629,3.9994400E+05,1.6731747E+01,2.8659717E+03,6.1237216E-01,4.0330369E+05,1.6873343E+01,0000000000000000,,,,,621.21873,4.1030878E-05,848.89788,5.4469350E-05,8.6468243E-04,-2.3338555E-03
121.8052771,2.416702E-04,630,3.9999959E+05,1.6731714E+01,2.8592834E+03,6.1237246E-01,4.0335562E+05,1.6775383E+01,0000000000000000,,,,,621.21859,4.1025851E-05,848.89778,5.4462445E-05,7.9588761E-04,-2.4040067E-03
121.8257113,2.423254E-04,631,3.9993069E+05,1.6731684E+01,2.8629248E+03,6.1237282E-01,4.0329162E+05,1.6930115E+01,0000000000000000,,,,,621.21870,4.1033509E-05,848.89776,5.4472002E-05,8.6740393E-04,-2.4748025E-03
121.8461456,2.429807E-04,632,3.9995353E+05,1.6731651E+01,2.8634277E+03,6.1237311E-01,4.0331453E+05,1.6892532E+01,0000000000000000,,,,,621.21896,4.1031297E-05,848.89786,5.4468001E-05,1.0947008E-03,-2.3353689E-03
121.8665799,2.436359E-04,633,3.9996953E+05,1.6731619E+01,2.8601855E+03,6.1237347E-01,4.0332734E+05,1.6892248E+01,0000000000000000,,,,,621.21881,4.1029594E-05,848.89875,5.4461227E-05,1.0307226E-03,-1.6665100E-03
121.8870141,2.442911E-04,634,3.9994788E+05,1.6731586E+01,2.8623232E+03,6.1237377E-01,4.0329769E+05,1.6837219E+01,0000000000000000,,,,,621.21895,4.1030722E-05,848.89799,5.4465334E-05,1.0784706E-03,-2.2834390E-03
121.9074484,2.449463E-04,635,3.9990728E+05,1.6731556E+01,2.8613904E+03,6.1237407E-01,4.0326872E+05,1.6866446E+01,0000000000000000,,,,,621.21858,4.1035826E-05,848.89821,5.4470467E-05,8.2798477E-04,-2.1328903E-03
121.9278826,2.456014E-04,636,3.9995328E+05,1.6731524E+01,2.8585205E+03,6.1237437E-01,4.0330353E+05,1.6770311E+01,0000000000000000,,,,,621.21877,4.1029951E-05,848.89785,5.4463591E-05,8.5026689E-04,-2.2325316E-03
121.9483168,2.462565E-04,637,3.9994328E+05,1.6731491E+01,2.8590981E+03,6.1237472E-01,4.0330219E+05,1.6853165E+01,0000000000000000,,,,,621.21872,4.1032832E-05,848.89829,5.4464839E-05,8.6105953E-04,-1.9976730E-03
121.9687511,2.469116E-04,638,3.9993762E+05,1.6731459E+01,2.8606113E+03,6.1237502E-01,4.0329641E+05,1.6872076E+01,0000000000000000,,,,,621.21900,4.1032461E-05,848.89774,5.4466098E-05,1.1311364E-03,-2.4378856E-03
121.9891854,2.475667E-04,639,3.9995328E+05,1.6731428E+01,2.8587917E+03,6.1237532E-01,4.0330894E+05,1.6878311E+01,0000000000000000,,,,,621.21893,4.1032876E-05,848.89775,5.4465916E-05,1.1255289E-03,-2.4803504E-03
122.0096195,2.482217E-04,640,3.9993116E+05,1.6731396E+01,2.8609202E+03,6.1237562E-01,4.0329066E+05,1.6895929E+01,0000000000000000,,,,,621.21863,4.1033902E-05,848.89795,5.4465734E-05,8.4156758E-04,-2.2633243E-03
122.0300539,2.488767E-04,641,3.9996784E+05,1.6731394E+01,2.8601541E+03,6.1237764E-01,4.0332819E+05,1.6900112E+01,0000000000000000,,,,,621.21879,4.1028419E-05,848.89694,5.4463315E-05,9.9810550E-04,-3.1277556E-03
122.0504882,2.495316E-04,642,3.9995328E+05,1.6731394E+01,2.8619990E+03,6.1237949E-01,4.0330897E+05,1.6881077E+01,0000000000000000,,,,,621.21872,4.1029638E-05,848.89727,5.4463962E-05,8.7827735E-04,-2.8735253E-03
122.0709224,2.501865E-04,643,3.9994572E+05,1.6731392E+01,2.8605193E+03,6.1238122E-01,4.0330791E+05,1.6875055E+01,0000000000000000,,,,,621.21859,4.1029627E-05,848.89737,5.4463922E-05,8.0270949E-04,-2.7530291E-03
122.0913566,2.508414E-04,644,3.9991872E+05,1.6731390E+01,2.8621045E+03,6.1238277E-01,4.0327594E+05,1.6851027E+01,0000000000000000,,,,,621.21868,4.1032610E-05,848.89718,5.4469165E-05,8.6739869E-04,-2.9463659E-03
122.1117909,2.514963E-04,645,3.9993556E+05,1.6731388E+01,2.8612024E+03,6.1238432E-01,4.0329838E+05,1.6801039E+01,0000000000000000,,,,,621.21862,4.1031934E-05,848.89737,5.4467924E-05,8.7056519E-04,-2.8526036E-03
122.1322252,2.521512E-04,646,3.9995481E+05,1.6731388E+01,2.8586182E+03,6.1238563E-01,4.0331400E+05,1.6860929E+01,0000000000000000,,,,,621.21892,4.1028728E-05,848.89785,5.4462053E-05,1.1204000E-03,-2.4093986E-03
122.1526593,2.528059E-04,647,3.9992112E+05,1.6731384E+01,2.8651104E+03,6.1238694E-01,4.0327641E+05,1.6853273E+01,0000000000000000,,,,,621.21893,4.1035382E-05,848.89774,5.4471791E-05,1.0076483E-03,-2.4083301E-03
122.1730937,2.534607E-04,648,3.9992628E+05,1.6731384E+01,2.8670286E+03,6.1238807E-01,4.0328572E+05,1.6880224E+01,0000000000000000,,,,,621.21899,4.1031853E-05,848.89751,5.4468557E-05,1.1048611E-03,-2.6334992E-03
122.1935279,2.541155E-04,649,3.9995600E+05,1.6731380E+01,2.8546794E+03,6.1238909E-01,4.0331978E+05,1.6933113E+01,0000000000000000,,,,,621.21895,4.1028943E-05,848.89742,5.4465530E-05,1.0851005E-03,-2.8681192E-03
122.2139621,2.547702E-04,650,3.9994203E+05,1.6731380E+01,2.8574924E+03,6.1239004E-01,4.0329738E+05,1.6934072E+01,0000000000000000,,,,,621.21909,4.1029860E-05,848.89773,5.4465883E-05,1.3036054E-03,-2.5260446E-03
122.2343963,2.554249E-04,651,3.9993550E+05,1.6731379E+01,2.8576677E+03,6.1239094E-01,4.0330084E+05,1.6923641E+01,0000000000000000,,,,,621.21895,4.1031410E-05,848.89783,5.4467942E-05,1.1188971E-03,-2.4319640E-03
122.2548307,2.560795E-04,652,3.9992809E+05,1.6731377E+01,2.8578777E+03,6.1239165E-01,4.0328688E+05,1.6904467E+01,0000000000000000,,,,,621.21890,4.1030435E-05,848.89782,5.4467120E-05,1.0607998E-03,-2.4453634E-03
122.2752649,2.567341E-04,653,3.9994156E+05,1.6731375E+01,2.8584761E+03,6.1239237E-01,4.0330169E+05,1.6872938E+01,0000000000000000,,,,,621.21865,4.1027964E-05,848.89775,5.4464617E-05,7.6504360E-04,-2.4961319E-03
122.2956991,2.573887E-04,654,3.9997812E+05,1.6731375E+01,2.8548828E+03,6.1239290E-01,4.0333794E+05,1.6911255E+01,0000000000000000,,,,,621.21861,4.1026120E-05,848.89799,5.4461547E-05,8.7996415E-04,-2.3283430E-03
122.3161335,2.580433E-04,655,3.9991441E+05,1.6731371E+01,2.8599707E+03,6.1239338E-01,4.0327350E+05,1.6859705E+01,0000000000000000,,,,,621.21863,4.1031726E-05,848.89752,5.4471486E-05,8.3794072E-04,-2.7425019E-03
122.3365676,2.586978E-04,656,3.9995566E+05,1.6731371E+01,2.8553413E+03,6.1239380E-01,4.0331847E+05,1.6845264E+01,0000000000000000,,,,,621.21852,4.1027153E-05,848.89770,5.4465097E-05,7.3732436E-04,-2.5480201E-03
122.3570019,2.593523E-04,657,3.9992644E+05,1.6731369E+01,2.8550332E+03,6.1239409E-01,4.0328372E+05,1.6911993E+01,0000000000000000,,,,,621.21842,4.1030878E-05,848.89770,5.4470474E-05,6.2454288E-04,-2.5751893E-03
122.3774361,2.600068E-04,658,3.9990678E+05,1.6731367E+01,2.8524106E+03,6.1239439E-01,4.0326809E+05,1.6927088E+01,0000000000000000,,,,,621.21851,4.1031177E-05,848.89753,5.4472071E-05,7.5560540E-04,-2.7753569E-03
122.3978705,2.606612E-04,659,3.9994253E+05,1.6731365E+01,2.8538315E+03,6.1239457E-01,4.0330400E+05,1.6894930E+01,0000000000000000,,,,,621.21848,4.1027542E-05,848.89715,5.4469343E-05,7.1778306E-04,-3.0744511E-03
122.4183046,2.613156E-04,660,3.9995200E+05,1.6731363E+01,2.8525774E+03,6.1239469E-01,4.0331262E+05,1.6911730E+01,0000000000000000,,,,,621.21825,4.1026440E-05,848.89742,5.4467164E-05,5.4659299E-04,-2.8747013E-03
122.4387389,2.619700E-04,661,3.9993825E+05,1.6731361E+01,2.8565723E+03,6.1239469E-01,4.0329700E+05,1.6911991E+01,0000000000000000,,,,,621.21860,4.1026324E-05,848.89708,5.4468928E-05,8.2526804E-04,-3.1281535E-03
122.4591732,2.626244E-04,662,3.9993369E+05,1.6731361E+01,2.8522898E+03,6.1239463E-01,4.0329700E+05,1.6949797E+01,0000000000000000,,,,,621.21860,4.1027906E-05,848.89727,5.4470653E-05,8.6419669E-04,-3.0109985E-03
122.4796074,2.632786E-04,663,3.9995778E+05,1.6731358E+01,2.8558767E+03,6.1239457E-01,4.0331888E+05,1.6912504E+01,0000000000000000,,,,,621.21851,4.1025232E-05,848.89746,5.4466749E-05,6.8647088E-04,-2.8429041E-03
122.5000417,2.639329E-04,664,3.9992434E+05,1.6731358E+01,2.8546655E+03,6.1239439E-01,4.0329203E+05,1.6952681E+01,0000000000000000,,,,,621.21887,4.1030293E-05,848.89772,5.4472814E-05,1.0680193E-03,-2.6223552E-03
122.5204758,2.645872E-04,665,3.9998353E+05,1.6731339E+01,2.8521992E+03,6.1238796E-01,4.0334562E+05,1.6919405E+01,0000000000000000,,,,,621.21873,4.1024588E-05,848.89762,5.4466273E-05,8.8616996E-04,-2.7736723E-03
122.5409102,2.652414E-04,666,3.9992103E+05,1.6731321E+01,2.8522839E+03,6.1238152E-01,4.0328616E+05,1.6876543E+01,0000000000000000,,,,,621.21858,4.1029347E-05,848.89777,5.4472530E-05,7.9959020E-04,-2.5705344E-03
122.5613444,2.658956E-04,667,3.9994947E+05,1.6731304E+01,2.8513706E+03,6.1237496E-01,4.0331594E+05,1.6909527E+01,0000000000000000,,,,,621.21861,4.1027510E-05,848.89768,5.4471089E-05,8.9282478E-04,-2.6306089E-03
122.5817787,2.665497E-04,668,3.9993344E+05,1.6731285E+01,2.8492385E+03,6.1236840E-01,4.0329688E+05,1.6943289E+01,0000000000000000,,,,,621.21867,4.1029383E-05,848.89754,5.4474771E-05,8.9656562E-04,-2.7974620E-03
122.6022129,2.672038E-04,669,3.9993553E+05,1.6731268E+01,2.8504258E+03,6.1236173E-01,4.0330531E+05,1.6893593E+01,0000000000000000,,,,,621.21875,4.1028597E-05,848.89794,5.4472624E-05,8.6998480E-04,-2.5519964E-03
122.6226472,2.678579E-04,670,3.9993931E+05,1.6731249E+01,2.8520166E+03,6.1235499E-01,4.0330644E+05,1.6949173E+01,0000000000000000,,,,,621.21888,4.1028128E-05,848.89770,5.4473629E-05,1.0146708E-03,-2.7416372E-03
122.6430814,2.685119E-04,671,3.9994300E+05,1.6731232E+01,2.8551011E+03,6.1234820E-01,4.0330909E+05,1.6890202E+01,0000000000000000,,,,,621.21908,4.1029576E-05,848.89711,5.4478729E-05,1.3796997E-03,-3.1913829E-03
122.6635156,2.691660E-04,672,3.9994272E+05,1.6731213E+01,2.8542617E+03,6.1234128E-01,4.0330869E+05,1.6942530E+01,0000000000000000,,,,,621.21918,4.1028994E-05,848.89700,5.4479067E-05,1.4750327E-03,-3.2837447E-03
122.6839499,2.698200E-04,673,3.9991166E+05,1.6731195E+01,2.8538657E+03,6.1233431E-01,4.0327975E+05,1.6930212E+01,0000000000000000,,,,,621.21934,4.1033531E-05,848.89665,5.4487224E-05,1.6790761E-03,-3.6478029E-03
122.7043842,2.704739E-04,674,3.9993219E+05,1.6731176E+01,2.8507942E+03,6.1232728E-01,4.0329859E+05,1.6930672E+01,0000000000000000,,,,,621.21946,4.1029863E-05,848.89632,5.4484412E-05,1.7157238E-03,-3.9773076E-03
122.7248183,2.711278E-04,675,3.9949884E+05,1.6731159E+01,2.8487207E+03,6.1232013E-01,4.0286212E+05,1.6884270E+01,0000000000000000,,,,,621.21925,4.1077117E-05,848.89713,5.4544220E-05,1.6047114E-03,-3.2214322E-03
122.7452527,2.717817E-04,676,3.9560238E+05,1.6731140E+01,2.8497427E+03,6.1231291E-01,3.9889228E+05,1.6803982E+01,0000000000000000,,,,,621.21954,4.1481464E-05,848.89693,5.5082619E-05,1.9091680E-03,-3.6451980E-03
122.7656870,2.724356E-04,677,3.9434275E+05,1.6731123E+01,2.8494556E+03,6.1230558E-01,3.9762394E+05,1.6851967E+01,0000000000008192,,,,,621.21929,4.1613959E-05,848.89727,5.5257675E-05,1.6865092E-03,-3.3244672E-03
122.7861211,2.730894E-04,678,3.9689044E+05,1.6731106E+01,2.8476670E+03,6.1229813E-01,4.0021038E+05,1.6905382E+01,0000000000000000,,,,,621.21930,4.1347415E-05,848.89714,5.4904893E-05,1.5775691E-03,-3.2567387E-03
122.8065554,2.737432E-04,679,3.9993312E+05,1.6731087E+01,2.8489004E+03,6.1229062E-01,4.0329994E+05,1.6826384E+01,0000000000000000,,,,,621.21903,4.1031366E-05,848.89698,5.4486536E-05,1.1814606E-03,-3.4801709E-03
122.8269897,2.743970E-04,680,3.9994128E+05,1.6731070E+01,2.8505046E+03,6.1228305E-01,4.0331216E+05,1.6895557E+01,0000000000000000,,,,,621.21891,4.1033400E-05,848.89719,5.4488919E-05,1.2581531E-03,-3.1904182E-03
122.8474240,2.750507E-04,681,3.9995072E+05,1.6731050E+01,2.8488157E+03,6.1227530E-01,4.0331894E+05,1.6893217E+01,0000000000000000,,,,,621.21909,4.1033214E-05,848.89740,5.4488384E-05,1.4155342E-03,-3.0044029E-03
122.8678582,2.757044E-04,682,3.9991081E+05,1.6731033E+01,2.8509602E+03,6.1226749E-01,4.0328153E+05,1.6891424E+01,0000000000000000,,,,,621.21876,4.1037249E-05,848.89758,5.4493532E-05,1.0741428E-03,-2.9614188E-03
122.8882925,2.763580E-04,683,3.9996406E+05,1.6731014E+01,2.8514160E+03,6.1225957E-01,4.0333897E+05,1.6863823E+01,0000000000000000,,,,,621.21847,4.1032199E-05,848.89741,5.4488173E-05,7.3627831E-04,-3.0063905E-03
122.9087267,2.770117E-04,684,3.9990803E+05,1.6730997E+01,2.8502512E+03,6.1225152E-01,4.0327997E+05,1.6882963E+01,0000000000000000,,,,,621.21862,4.1036004E-05,848.89714,5.4495013E-05,9.0686756E-04,-3.2501072E-03
122.9291610,2.776652E-04,685,3.9994284E+05,1.6730978E+01,2.8446311E+03,6.1224335E-01,4.0332222E+05,1.6900030E+01,0000000000000000,,,,,621.21839,4.1032719E-05,848.89764,5.4489075E-05,7.6116080E-04,-2.9180434E-03
122.9495951,2.783188E-04,686,3.9990481E+05,1.6730961E+01,2.8494163E+03,6.1223507E-01,4.0328266E+05,1.6922930E+01,0000000000000000,,,,,621.21826,4.1037241E-05,848.89786,5.4494692E-05,4.7299181E-04,-2.7760398E-03
122.9700295,2.789723E-04,687,3.9991916E+05,1.6730944E+01,2.8473765E+03,6.1222661E-01,4.0329509E+05,1.6904371E+01,0000000000000000,,,,,621.21807,4.1035823E-05,848.89785,5.4493474E-05,3.7961442E-04,-2.6957612E-03
122.9904637,2.796258E-04,688,3.9990781E+05,1.6730925E+01,2.8465144E+03,6.1221808E-01,4.0329144E+05,1.6869967E+01,0000000000000000,,,,,621.21804,4.1037893E-05,848.89816,5.4495475E-05,3.3989595E-04,-2.4864289E-03
123.0108979,2.802793E-04,689,3.9989031E+05,1.6730991E+01,2.8451931E+03,6.1221945E-01,4.0326344E+05,1.6928782E+01,0000000000000000,,,,,621.21795,4.1039530E-05,848.89788,5.4499171E-05,1.9376150E-04,-2.7174396E-03
123.0313323,2.809327E-04,690,3.9993694E+05,1.6731060E+01,2.8448655E+03,6.1222082E-01,4.0331453E+05,1.6871279E+01,0000000000000000,,,,,621.21765,4.1034251E-05,848.89766,5.4493383E-05,9.2604161E-05,-2.8529484E-03
123.0517665,2.815861E-04,691,3.9992944E+05,1.6731129E+01,2.8489421E+03,6.1222214E-01,4.0330897E+05,1.6857721E+01,0000000000000000,,,,,621.21783,4.1035295E-05,848.89784,5.4494300E-05,1.3038611E-04,-2.6955332E-03
123.0722008,2.822395E-04,692,3.9991375E+05,1.6731197E+01,2.8468313E+03,6.1222345E-01,4.0329447E+05,1.6918175E+01,0000000000000000,,,,,621.21807,4.1036503E-05,848.89830,5.4494256E-05,4.3055727E-04,-2.3306285E-03
123.0926349,2.828928E-04,693,3.9990469E+05,1.6731264E+01,2.8417305E+03,6.1222476E-01,4.0328478E+05,1.6864273E+01,0000000000000000,,,,,621.21810,4.1037903E-05,848.89815,5.4497032E-05,4.3581214E-04,-2.4677806E-03
123.1130693,2.835460E-04,694,3.9991328E+05,1.6731333E+01,2.8469934E+03,6.1222601E-01,4.0329759E+05,1.6859642E+01,0000000000000000,,,,,621.21810,4.1036863E-05,848.89811,5.4496151E-05,4.1081692E-04,-2.5828367E-03
123.1335035,2.841993E-04,695,3.9995028E+05,1.6731401E+01,2.8410610E+03,6.1222732E-01,4.0332938E+05,1.6901449E+01,0000000000000000,,,,,621.21794,4.1032588E-05,848.89792,5.4491578E-05,2.1181529E-04,-2.7128307E-03
123.1539377,2.848525E-04,696,3.9993703E+05,1.6731468E+01,2.8479209E+03,6.1222851E-01,4.0332128E+05,1.6858021E+01,0000000000000000,,,,,621.21760,4.1032090E-05,848.89832,5.4489497E-05,-2.4816049E-05,-2.5156566E-03
123.1743720,2.855057E-04,697,3.9989122E+05,1.6731537E+01,2.8477422E+03,6.1222976E-01,4.0327350E+05,1.6844341E+01,0000000000000000,,,,,621.21780,4.1037416E-05,848.89777,5.4499265E-05,8.2253566E-05,-2.9130348E-03
123.1948063,2.861589E-04,698,3.9987662E+05,1.6731606E+01,2.8431858E+03,6.1223096E-01,4.0326431E+05,1.6834263E+01,0000000000000000,,,,,621.21770,4.1040304E-05,848.89791,5.4502802E-05,1.5697044E-05,-2.8137434E-03
123.2152404,2.868120E-04,699,3.9989559E+05,1.6731674E+01,2.8453962E+03,6.1223209E-01,4.0328278E+05,1.6909237E+01,0000000000000000,,,,,621.21788,4.1038089E-05,848.89777,5.4500764E-05,2.4272356E-04,-2.9158317E-03
123.2356747,2.874651E-04,700,3.9992172E+05,1.6731741E+01,2.8422520E+03,6.1223328E-01,4.0331247E+05,1.6890303E+01,0000000000000000,,,,,621.21763,4.1035037E-05,848.89769,5.4497366E-05,-5.2843616E-06,-2.9587883E-03
123.2561090,2.881181E-04,701,3.9990953E+05,1.6731810E+01,2.8442915E+03,6.1223441E-01,4.0330197E+05,1.6924795E+01,0000000000000000,,,,,621.21783,4.1036023E-05,848.89834,5.4496133E-05,1.6399634E-04,-2.5108198E-03
123.2765432,2.887711E-04,702,3.9989406E+05,1.6731878E+01,2.8435549E+03,6.1223555E-01,4.0327744E+05,1.6866463E+01,0000000000000000,,,,,621.21790,4.1036270E-05,848.89823,5.4497279E-05,2.2795932E-04,-2.5356538E-03
123.2969774,2.894241E-04,703,,,,,,,0000000000000036,,,,,,,,,,
123.3174118,2.900771E-04,704,3.9988734E+05,1.6732014E+01,2.8456567E+03,6.1223775E-01,4.0327875E+05,1.6907324E+01,0000000000000000,,,,,621.21751,4.1036707E-05,848.89872,5.4496279E-05,-2.6489679E-05,-2.1595648E-03
123.3378459,2.907300E-04,705,3.9992709E+05,1.6732082E+01,2.8433618E+03,6.1223882E-01,4.0331884E+05,1.6891357E+01,0000000000000000,,,,,621.21782,4.1034833E-05,848.89851,5.4495027E-05,1.5519200E-04,-2.3769329E-03
123.3582802,2.913828E-04,706,3.9992603E+05,1.6732151E+01,2.8428813E+03,6.1223990E-01,4.0332034E+05,1.6918903E+01,0000000000000000,,,,,621.21740,4.1034455E-05,848.89893,5.4493019E-05,-2.0969121E-04,-2.0429238E-03
123.3787145,2.920357E-04,707,3.9988844E+05,1.6732220E+01,2.8422390E+03,6.1224097E-01,4.0328162E+05,1.6810720E+01,0000000000000000,,,,,621.21764,4.1037052E-05,848.89869,5.4497792E-05,-5.3887707E-05,-2.2736471E-03
123.3991488,2.926885E-04,708,3.9989947E+05,1.6732288E+01,2.8420759E+03,6.1224204E-01,4.0329500E+05,1.6844637E+01,0000000000008192,,,,,621.21747,4.1037845E-05,848.89830,5.4500866E-05,-1.4285145E-04,-2.5733465E-03
123.4195830,2.933413E-04,709,3.9989919E+05,1.6732355E+01,2.8428933E+03,6.1224306E-01,4.0330009E+05,1.6847996E+01,0000000000000000,,,,,621.21740,4.1036339E-05,848.89869,5.4497446E-05,-1.7999679E-04,-2.2817862E-03
123.4400172,2.939940E-04,710,3.9989819E+05,1.6732424E+01,2.8431089E+03,6.1224407E-01,4.0329797E+05,1.6859488E+01,0000000000000000,,,,,621.21731,4.1037114E-05,848.89872,5.4498640E-05,-2.2082884E-04,-2.2918668E-03
123.4604516,2.946467E-04,711,3.9989841E+05,1.6732492E+01,2.8416716E+03,6.1224508E-01,4.0330038E+05,1.6833382E+01,0000000000000000,,,,,621.21727,4.1037674E-05,848.89908,5.4498156E-05,-2.3376150E-04,-1.9741822E-03
123.4808857,2.952994E-04,712,3.9991719E+05,1.6732561E+01,2.8439490E+03,6.1224610E-01,4.0332256E+05,1.6882431E+01,0000000000000000,,,,,621.21719,4.1034800E-05,848.89926,5.4493823E-05,-3.2902273E-04,-1.9329365E-03
123.5013200,2.959520E-04,713,3.9989478E+05,1.6732571E+01,2.8415225E+03,6.1224771E-01,4.0330216E+05,1.6871511E+01,0000000000000000,,,,,621.21737,4.1035903E-05,848.89908,5.4496628E-05,-2.4965889E-04,-1.9921572E-03
123.5217541,2.966046E-04,714,3.9992834E+05,1.6732580E+01,2.8399958E+03,6.1224931E-01,4.0334409E+05,1.6881704E+01,0000000000000000,,,,,621.21743,4.1035513E-05,848.89998,5.4492717E-05,-1.4169169E-04,-1.2877149E-03
123.5421885,2.972572E-04,715,3.9990697E+05,1.6732592E+01,2.8434636E+03,6.1225092E-01,4.0331559E+05,1.6791883E+01,0000000000000000,,,,,621.21721,4.1036270E-05,848.89934,5.4497013E-05,-2.0845901E-04,-1.8676165E-03
123.5626227,2.979097E-04,716,3.9996478E+05,1.6732603E+01,2.8426025E+03,6.1225247E-01,4.0337700E+05,1.6871107E+01,0000000000000000,,,,,621.21740,4.1030526E-05,848.89983,5.4487773E-05,-5.5098229E-05,-1.5021502E-03
123.5830570,2.985622E-04,717,3.9989712E+05,1.6732613E+01,2.8397844E+03,6.1225408E-01,4.0331066E+05,1.6849556E+01,0000000000000000,,,,,621.21733,4.1039410E-05,848.90004,5.4499207E-05,-7.0820068E-05,-1.2339242E-03
123.6034912,2.992146E-04,718,3.9990072E+05,1.6732622E+01,2.8453455E+03,6.1225563E-01,4.0331594E+05,1.6793009E+01,0000000000000000,,,,,621.21694,4.1037947E-05,848.90013,5.4497366E-05,-4.5950286E-04,-1.2054724E-03
123.6239255,2.998670E-04,719,3.9993272E+05,1.6732634E+01,2.8404268E+03,6.1225718E-01,4.0335031E+05,1.6851324E+01,0000000000000000,,,,,621.21707,4.1035662E-05,848.90029,5.4494183E-05,-3.6248192E-04,-1.1008335E-03
123.6443597,3.005194E-04,720,3.9990175E+05,1.6732645E+01,2.8420806E+03,6.1225873E-01,4.0331650E+05,1.6866255E+01,0000000000000000,,,,,621.21709,4.1037903E-05,848.89990,5.4499375E-05,-3.1738356E-04,-1.4114639E-03
123.6647939,3.011718E-04,721,3.9990616E+05,1.6732655E+01,2.8429568E+03,6.1226028E-01,4.0332444E+05,1.6872831E+01,0000000000000000,,,,,621.21733,4.1037867E-05,848.89960,5.4501135E-05,-1.4815551E-04,-1.7522270E-03
123.6852282,3.018241E-04,722,3.9992816E+05,1.6732664E+01,2.8446641E+03,6.1226177E-01,4.0334803E+05,1.6874155E+01,0000000000000000,,,,,621.21714,4.1036896E-05,848.90020,5.4497781E-05,-3.0139991E-04,-1.1347625E-03
123.7056625,3.024763E-04,723,3.9989084E+05,1.6732676E+01,2.8381162E+03,6.1226326E-01,4.0330291E+05,1.6878242E+01,0000000000000000,,,,,621.21709,4.1039919E-05,848.90007,5.4502860E-05,-3.3628833E-04,-1.3861972E-03
123.7260966,3.031286E-04,724,3.9995494E+05,1.6732687E+01,2.8413044E+03,6.1226475E-01,4.0337434E+05,1.6844481E+01,0000000000000000,,,,,621.21686,4.1034302E-05,848.90077,5.4492895E-05,-4.9558491E-04,-8.0278580E-04
123.7465310,3.037808E-04,725,3.9992272E+05,1.6732697E+01,2.8391250E+03,6.1226618E-01,4.0334444E+05,1.6888876E+01,0000000000000000,,,,,621.21719,4.1036190E-05,848.90069,5.4496300E-05,-1.6870703E-04,-1.0071942E-03
123.7669653,3.044330E-04,726,3.9995466E+05,1.6732706E+01,2.8382681E+03,6.1226761E-01,4.0337331E+05,1.6902868E+01,0000000000000000,,,,,621.21741,4.1035193E-05,848.89991,5.4498840E-05,-5.4448818E-05,-1.4530279E-03
123.7873994,3.050851E-04,727,3.9991681E+05,1.6732718E+01,2.8423665E+03,6.1226904E-01,4.0334203E+05,1.6786900E+01,0000000000000000,,,,,621.21691,4.1036914E-05,848.90066,5.4498381E-05,-4.2345191E-04,-9.5248292E-04
123.8078337,3.057372E-04,728,3.9990691E+05,1.6732727E+01,2.8416191E+03,6.1227047E-01,4.0333053E+05,1.6829782E+01,0000000000000000,,,,,621.21695,4.1039373E-05,848.90019,5.4504220E-05,-4.7097538E-04,-1.2389794E-03
123.8282680,3.063892E-04,729,3.9994394E+05,1.6732738E+01,2.8386897E+03,6.1227185E-01,4.0337006E+05,1.6889559E+01,0000000000000000,,,,,621.21679,4.1035153E-05,848.90080,5.4496475E-05,-6.0533336E-04,-9.0643537E-04
123.8487022,3.070412E-04,730,3.9989488E+05,1.6732748E+01,2.8399502E+03,6.1227322E-01,4.0331972E+05,1.6846222E+01,0000000000000000,,,,,621.21693,4.1039479E-05,848.90022,5.4505246E-05,-3.8117362E-04,-1.4132927E-03
123.8691364,3.076932E-04,731,3.9991438E+05,1.6732759E+01,2.8369238E+03,6.1227459E-01,4.0333469E+05,1.6898882E+01,0000000000000000,,,,,621.21755,4.1037809E-05,848.90018,5.4503776E-05,6.4623433E-05,-1.4744180E-03
123.8895708,3.083452E-04,732,3.9992012E+05,1.6732769E+01,2.8391575E+03,6.1227590E-01,4.0334578E+05,1.6877956E+01,0000000000008192,,,,,621.21746,4.1038988E-05,848.90032,5.4505224E-05,6.5988657E-05,-1.2652238E-03
123.9100050,3.089971E-04,733,3.9990531E+05,1.6732780E+01,2.8416189E+03,6.1227721E-01,4.0333125E+05,1.6899298E+01,0000000000000000,,,,,621.21722,4.1042258E-05,848.90052,5.4509215E-05,-1.2730704E-04,-1.0991751E-03
123.9304392,3.096490E-04,734,3.9990703E+05,1.6732790E+01,2.8378203E+03,6.1227852E-01,4.0333372E+05,1.6910368E+01,0000000000000000,,,,,621.21719,4.1040432E-05,848.90044,5.4507655E-05,-1.6613353E-04,-1.2130910E-03
123.9508734,3.103008E-04,735,3.9991619E+05,1.6732801E+01,2.8369736E+03,6.1227977E-01,4.0334766E+05,1.6920473E+01,0000000000000000,,,,,621.21711,4.1039933E-05,848.90048,5.4507331E-05,-2.1193903E-04,-1.1911771E-03
123.9713078,3.109526E-04,736,3.9989600E+05,1.6732811E+01,2.8366409E+03,6.1228096E-01,4.0332303E+05,1.6909416E+01,0000000000000000,,,,,621.21724,4.1041982E-05,848.90035,5.4511151E-05,-8.5275191E-05,-1.2644581E-03
123.9917419,3.116044E-04,737,3.9991638E+05,1.6732826E+01,2.8374648E+03,6.1227781E-01,4.0334547E+05,1.6867979E+01,0000000000000000,,,,,621.21736,4.1040035E-05,848.90017,5.4509826E-05,1.8719391E-05,-1.4295564E-03
124.0121762,3.122561E-04,738,3.9991616E+05,1.6732843E+01,2.8375818E+03,6.1227459E-01,4.0335522E+05,1.6848326E+01,0000000000000000,,,,,621.21742,4.1040665E-05,848.90091,5.4507935E-05,4.1950741E-05,-8.1159046E-04
124.0326105,3.129078E-04,739,3.9991222E+05,1.6732859E+01,2.8391411E+03,6.1227137E-01,4.0333944E+05,1.6818214E+01,0000000000000000,,,,,621.21744,4.1041792E-05,848.90086,5.4510117E-05,8.3505518E-05,-8.1063097E-04
124.0530447,3.135594E-04,740,3.9992403E+05,1.6732874E+01,2.8391772E+03,6.1226809E-01,4.0336094E+05,1.6857286E+01,0000000000000000,,,,,621.21742,4.1041145E-05,848.90120,5.4508269E-05,1.1821394E-04,-6.5609580E-04
124.0734789,3.142110E-04,741,3.9990753E+05,1.6732889E+01,2.8385613E+03,6.1226487E-01,4.0333872E+05,1.6882307E+01,0000000000000000,,,,,621.21743,4.1041596E-05,848.90100,5.4510179E-05,9.4779178E-05,-7.5475604E-04
124.0939132,3.148626E-04,742,3.9991634E+05,1.6732904E+01,2.8373948E+03,6.1226153E-01,4.0334725E+05,1.6891459E+01,0000000000000000,,,,,621.21723,4.1039533E-05,848.90096,5.4508106E-05,-1.4853851E-04,-7.5038220E-04
124.1143474,3.155141E-04,743,3.9996281E+05,1.6732920E+01,2.8375056E+03,6.1225826E-01,4.0339759E+05,1.6886694E+01,0000000000000000,,,,,621.21749,4.1033993E-05,848.90117,5.4500313E-05,6.1620820E-05,-7.1678974E-04
124.1347817,3.161656E-04,744,3.9990347E+05,1.6732935E+01,2.8375974E+03,6.1225498E-01,4.0333609E+05,1.6933289E+01,0000000000000000,,,,,621.21721,4.1038926E-05,848.90064,5.4509575E-05,-5.8948666E-05,-1.1206008E-03
124.1552159,3.168171E-04,745,3.9990559E+05,1.6732950E+01,2.8385903E+03,6.1225164E-01,4.0333609E+05,1.6939083E+01,0000000000000000,,,,,621.21751,4.1040235E-05,848.90082,5.4511067E-05,1.9949974E-04,-1.0104007E-03
124.1756503,3.174685E-04,746,3.9992906E+05,1.6732965E+01,2.8402117E+03,6.1224830E-01,4.0336259E+05,1.6846308E+01,0000000000000000,,,,,621.21717,4.1038471E-05,848.90095,5.4508597E-05,-1.5985455E-04,-7.5705466E-04
124.1960844,3.181199E-04,747,3.9993141E+05,1.6732983E+01,2.8396326E+03,6.1224496E-01,4.0336791E+05,1.6776083E+01,0000000000000000,,,,,621.21748,4.1036426E-05,848.90065,5.4507680E-05,1.1281433E-04,-1.0878162E-03
124.2165187,3.187713E-04,748,3.9991391E+05,1.6732996E+01,2.8384841E+03,6.1224163E-01,4.0334956E+05,1.6923288E+01,0000000000000000,,,,,621.21717,4.1038889E-05,848.90131,5.4508557E-05,-1.0901686E-04,-4.7263078E-04
124.2369529,3.194226E-04,749,3.9993175E+05,1.6733011E+01,2.8384951E+03,6.1223829E-01,4.0336612E+05,1.6826939E+01,0000000000000000,,,,,621.21702,4.1037525E-05,848.90111,5.4508062E-05,-2.8396779E-04,-7.0574938E-04
124.2573872,3.200739E-04,750,3.9992172E+05,1.6733028E+01,2.8338896E+03,6.1223489E-01,4.0334634E+05,1.6865238E+01,0000000000000128,,,,,621.21719,4.1035957E-05,848.90047,5.4509197E-05,-1.5454726E-04,-1.3241612E-03
124.2778214,3.207251E-04,751,3.9992441E+05,1.6733044E+01,2.8335916E+03,6.1223149E-01,4.0335594E+05,1.6849070E+01,0000000000000000,,,,,621.21731,4.1035357E-05,848.90063,5.4508189E-05,-4.5037494E-05,-1.1153991E-03
124.2982557,3.213763E-04,752,3.9989206E+05,1.6733059E+01,2.8385610E+03,6.1222810E-01,4.0332266E+05,1.6819380E+01,0000000000000000,,,,,621.21732,4.1037922E-05,848.90031,5.4513446E-05,-5.8107329E-05,-1.4238149E-03
124.3186900,3.220274E-04,753,3.9991672E+05,1.6733074E+01,2.8386926E+03,6.1222464E-01,4.0335503E+05,1.6857702E+01,0000000000000000,,,,,621.21740,4.1036950E-05,848.90099,5.4509721E-05,1.4512007E-04,-8.9498988E-04
124.3391242,3.226786E-04,754,3.9993672E+05,1.6733089E+01,2.8385139E+03,6.1222124E-01,4.0337394E+05,1.6858538E+01,0000000000008192,,,,,621.21785,4.1035793E-05,848.90094,5.4508906E-05,5.0133979E-04,-8.3016633E-04
124.3595584,3.233296E-04,755,3.9991922E+05,1.6733107E+01,2.8431836E+03,6.1221778E-01,4.0335356E+05,1.6901588E+01,0000000000000000,,,,,621.21799,4.1037754E-05,848.90050,5.4513879E-05,6.9303933E-04,-1.2444506E-03
124.3799927,3.239807E-04,756,3.9990969E+05,1.6733120E+01,2.8406736E+03,6.1221433E-01,4.0334847E+05,1.6843695E+01,0000000000000000,,,,,621.21808,4.1036841E-05,848.90035,5.4513770E-05,8.5857749E-04,-1.4147176E-03
124.4004270,3.246317E-04,757,3.9991175E+05,1.6733135E+01,2.8391196E+03,6.1221087E-01,4.0334353E+05,1.6787073E+01,0000000000000000,,,,,621.21840,4.1036757E-05,848.89979,5.4516586E-05,1.0557770E-03,-1.9048792E-03
124.4208612,3.252827E-04,758,3.9994253E+05,1.6733150E+01,2.8418938E+03,6.1220741E-01,4.0337922E+05,1.6894863E+01,0000000000000000,,,,,621.21826,4.1031912E-05,848.89993,5.4509994E-05,9.5804007E-04,-1.9247022E-03
124.4412955,3.259336E-04,759,3.9992178E+05,1.6733168E+01,2.8411982E+03,6.1220390E-01,4.0335575E+05,1.6798641E+01,0000000000000000,,,,,621.21818,4.1035219E-05,848.90004,5.4514396E-05,8.7604776E-04,-1.7187613E-03
124.4617298,3.265845E-04,760,3.9990128E+05,1.6733183E+01,2.8395300E+03,6.1220038E-01,4.0333550E+05,1.6875196E+01,0000000000000000,,,,,621.21824,4.1038467E-05,848.90025,5.4518256E-05,9.4188034E-04,-1.4826475E-03
124.4821640,3.272353E-04,761,3.9991878E+05,1.6733330E+01,2.8416431E+03,6.1219758E-01,4.0336038E+05,1.6893330E+01,0000000000000128,,,,,621.21816,4.1034818E-05,848.90029,5.4513443E-05,8.8758394E-04,-1.5342254E-03
124.5025982,3.278861E-04,762,3.9990891E+05,1.6733477E+01,2.8414663E+03,6.1219466E-01,4.0334522E+05,1.6893898E+01,0000000000000000,,,,,621.21810,4.1038642E-05,848.90053,5.4517666E-05,8.5436483E-04,-1.3145938E-03
124.5230324,3.285369E-04,763,3.9989344E+05,1.6733625E+01,2.8407004E+03,6.1219180E-01,4.0332925E+05,1.6859903E+01,0000000000000000,,,,,621.21805,4.1037278E-05,848.90026,5.4517248E-05,7.9265115E-04,-1.5712094E-03
124.5434667,3.291876E-04,764,3.9989988E+05,1.6733772E+01,2.8409629E+03,6.1218894E-01,4.0333653E+05,1.6843304E+01,0000000000000000,,,,,621.21795,4.1037776E-05,848.90024,5.4518179E-05,7.3868624E-04,-1.5238350E-03
124.5639010,3.298383E-04,765,3.9990122E+05,1.6733921E+01,2.8417329E+03,6.1218601E-01,4.0333666E+05,1.6862692E+01,0000000000000000,,,,,621.21783,4.1036055E-05,848.90032,5.4515767E-05,5.6320545E-04,-1.4814141E-03
124.5843351,3.304890E-04,766,3.9989931E+05,1.6734068E+01,2.8397715E+03,6.1218303E-01,4.0334241E+05,1.6856152E+01,0000000000008192,,,,,621.21798,4.1037758E-05,848.90046,5.4517634E-05,6.9763156E-04,-1.4072016E-03
124.6047695,3.311396E-04,767,3.9993191E+05,1.6734217E+01,2.8461196E+03,6.1218017E-01,4.0337128E+05,1.6873604E+01,0000000000000000,,,,,621.21772,4.1034578E-05,848.90084,5.4511947E-05,4.9439969E-04,-1.0546091E-03
124.6252037,3.317902E-04,768,3.9990884E+05,1.6734364E+01,2.8407102E+03,6.1217719E-01,4.0334488E+05,1.6955256E+01,0000000000000000,,,,,621.21769,4.1038038E-05,848.90109,5.4515669E-05,3.3529141E-04,-7.9454586E-04
124.6456380,3.324407E-04,769,3.9994481E+05,1.6734510E+01,2.8408931E+03,6.1217427E-01,4.0338662E+05,1.6931059E+01,0000000000000000,,,,,621.21736,4.1034200E-05,848.90164,5.4508368E-05,9.3594637E-05,-3.9122603E-04
124.6660721,3.330912E-04,770,3.9991062E+05,1.6734659E+01,2.8372295E+03,6.1217129E-01,4.0334744E+05,1.6915966E+01,0000000000000000,,,,,621.21746,4.1038125E-05,848.90133,5.4515142E-05,2.1712082E-04,-6.0331030E-04
124.6865065,3.337417E-04,771,3.9994022E+05,1.6734806E+01,2.8349529E+03,6.1216831E-01,4.0338034E+05,1.6939302E+01,0000000000000000,,,,,621.21715,4.1032963E-05,848.90140,5.4508149E-05,-1.1440861E-04,-5.5787660E-04
124.7069407,3.343921E-04,772,3.9989062E+05,1.6734953E+01,2.8400730E+03,6.1216533E-01,4.0333197E+05,1.6964121E+01,0000000000000000,,,,,621.21733,4.1040083E-05,848.90144,5.4517655E-05,6.1997693E-05,-4.9961172E-04
124.7273749,3.350425E-04,773,3.9990841E+05,1.6735100E+01,2.8395537E+03,6.1216235E-01,4.0335062E+05,1.6901474E+01,0000000000000000,,,,,621.21735,4.1036314E-05,848.90140,5.4513053E-05,1.0638440E-04,-5.6727178E-04
124.7478092,3.356928E-04,774,3.9991725E+05,1.6735249E+01,2.8381504E+03,6.1215931E-01,4.0336366E+05,1.6870173E+01,0000000000000000,,,,,621.21747,4.1036117E-05,848.90166,5.4511853E-05,1.7754108E-04,-3.8039571E-04
124.7682435,3.363431E-04,775,3.9987044E+05,1.6735395E+01,2.8396499E+03,6.1215627E-01,4.0331094E+05,1.6813025E+01,0000000000000000,,,,,621.21733,4.1042185E-05,848.90133,5.4521537E-05,5.1797302E-05,-6.0388667E-04
124.7886776,3.369934E-04,776,3.9993944E+05,1.6735544E+01,2.8361924E+03,6.1215323E-01,4.0339031E+05,1.6939556E+01,0000000000000000,,,,,621.21729,4.1033949E-05,848.90150,5.4510070E-05,1.0366629E-04,-5.3560600E-04
124.8091119,3.376436E-04,777,3.9992506E+05,1.6735691E+01,2.8362710E+03,6.1215019E-01,4.0336606E+05,1.6916206E+01,0000000000000000,,,,,621.21723,4.1035059E-05,848.90155,5.4511514E-05,-3.4782664E-05,-5.2350637E-04
124.8295462,3.382938E-04,778,3.9992238E+05,1.6735838E+01,2.8368826E+03,6.1214709E-01,4.0336291E+05,1.6929312E+01,0000000000000000,,,,,621.21707,4.1035048E-05,848.90198,5.4509852E-05,-1.6770893E-04,-2.7572716E-04
124.8499804,3.389439E-04,779,3.9991406E+05,1.6735987E+01,2.8356475E+03,6.1214405E-01,4.0336309E+05,1.6926317E+01,0000000000000000,,,,,621.21714,4.1036292E-05,848.90182,5.4512409E-05,-3.3689052E-05,-2.9765820E-04
124.8704146,3.395940E-04,780,3.9998412E+05,1.6736134E+01,2.8344114E+03,6.1214095E-01,4.0343416E+05,1.6913483E+01,0000000000000000,,,,,621.21710,4.1029758E-05,848.90203,5.4503009E-05,-1.7825827E-04,-1.7930148E-04
124.8908489,3.402441E-04,781,3.9991784E+05,1.6736280E+01,2.8351411E+03,6.1213785E-01,4.0336341E+05,1.6937294E+01,0000000000000000,,,,,621.21743,4.1035899E-05,848.90157,5.4513359E-05,1.9871023E-04,-6.3193630E-04
124.9112832,3.408941E-04,782,3.9994894E+05,1.6736429E+01,2.8356316E+03,6.1213475E-01,4.0339525E+05,1.6947781E+01,0000000000000000,,,,,621.21705,4.1032501E-05,848.90169,5.4508517E-05,-1.5642954E-04,-4.4884605E-04
124.9317174,3.415441E-04,783,3.9991891E+05,1.6736576E+01,2.8345376E+03,6.1213160E-01,4.0336603E+05,1.6961723E+01,0000000000000000,,,,,621.21706,4.1035477E-05,848.90155,5.4513293E-05,-5.0550174E-05,-5.9196609E-04
124.9521516,3.421940E-04,784,3.9998147E+05,1.6736725E+01,2.8347234E+03,6.1212844E-01,4.0343406E+05,1.6953938E+01,0000000000000000,,,,,621.21705,4.1029882E-05,848.90173,5.4505279E-05,-2.3544529E-04,-3.6769541E-04
124.9725860,3.428439E-04,785,3.9991416E+05,1.6736675E+01,2.8344775E+03,6.1212510E-01,4.0336575E+05,1.6928640E+01,0000000000000000,,,,,621.21734,4.1037296E-05,848.90176,5.4515720E-05,1.4306081E-04,-3.5655795E-04
124.9930201,3.434938E-04,786,3.9990741E+05,1.6736628E+01,2.8290974E+03,6.1212176E-01,4.0335094E+05,1.6906624E+01,0000000000000000,,,,,621.21719,4.1039097E-05,848.90206,5.4517532E-05,1.0723704E-05,-1.1769439E-04
125.0134544,3.441436E-04,787,3.9991644E+05,1.6736582E+01,2.8311379E+03,6.1211842E-01,4.0337181E+05,1.6929222E+01,0000000000000128,,,,,621.21715,4.1036517E-05,848.90176,5.4516113E-05,-5.7064284E-05,-4.3128995E-04
125.0338885,3.447933E-04,788,3.9993688E+05,1.6736532E+01,2.8353567E+03,6.1211503E-01,4.0338428E+05,1.6914606E+01,0000000000000000,,,,,621.21703,4.1033709E-05,848.90189,5.4512519E-05,-1.7626809E-04,-2.4029528E-04
125.0543229,3.454431E-04,789,3.9992572E+05,1.6736486E+01,2.8341931E+03,6.1211169E-01,4.0337625E+05,1.6914600E+01,0000000000000000,,,,,621.21712,4.1034717E-05,848.90191,5.4514498E-05,-7.2545874E-05,-3.1071622E-04
125.0747571,3.460928E-04,790,3.9994256E+05,1.6736439E+01,2.9262410E+03,6.1210835E-01,,,0000000000000064,,,,,621.21710,4.1031770E-05,848.90209,5.4510518E-05,1.9515404E-05,-1.5019566E-04
125.0951914,3.467424E-04,791,3.9991962E+05,1.6736389E+01,2.8317988E+03,6.1210495E-01,4.0336316E+05,1.6866274E+01,0000000000000000,,,,,621.21707,4.1033694E-05,848.90222,5.4513217E-05,-1.8256684E-04,-1.7510989E-05
125.1156256,3.473921E-04,792,3.9992462E+05,1.6736343E+01,2.8288574E+03,6.1210161E-01,4.0338094E+05,1.6908279E+01,0000000000000000,,,,,621.21730,4.1033727E-05,848.90215,5.4514268E-05,1.1502111E-04,-1.1840495E-04
125.1360599,3.480416E-04,793,3.9992119E+05,1.6736296E+01,2.8313760E+03,6.1209822E-01,4.0336966E+05,1.6920813E+01,0000000000000000,,,,,621.21724,4.1033225E-05,848.90147,5.4517222E-05,6.0351998E-05,-7.0147094E-04
125.1564941,3.486912E-04,794,3.9993416E+05,1.6736246E+01,2.8295764E+03,6.1209482E-01,4.0339009E+05,1.6932217E+01,0000000000000000,,,,,621.21715,4.1030944E-05,848.90174,5.4513737E-05,1.0546807E-04,-5.7603599E-04
125.1769283,3.493406E-04,795,3.9995400E+05,1.6736200E+01,2.8314358E+03,6.1209148E-01,4.0340834E+05,1.6940943E+01,0000000000008192,,,,,621.21714,4.1031130E-05,848.90217,5.4512846E-05,2.2427217E-05,-7.1599126E-05
125.1973626,3.499901E-04,796,3.9930575E+05,1.6736153E+01,2.8342798E+03,6.1208814E-01,4.0274703E+05,1.6874456E+01,0000000000000000,,,,,621.21730,4.1097483E-05,848.90216,5.4601744E-05,1.4365916E-04,-1.7155999E-04
125.2177969,3.506395E-04,797,3.9528062E+05,1.6736105E+01,2.8293633E+03,6.1208475E-01,3.9865741E+05,1.6934326E+01,0000000000000000,,,,,621.21706,4.1514213E-05,848.90244,5.5154913E-05,-1.0125039E-04,-1.4104935E-05
125.2382310,3.512889E-04,798,3.9439822E+05,1.6736057E+01,2.8286692E+03,6.1208141E-01,3.9776034E+05,1.6947287E+01,0000000000000128,,,,,621.21688,4.1608215E-05,848.90206,5.5282195E-05,-1.2727233E-04,-1.5039946E-04
125.2586654,3.519382E-04,799,3.9732253E+05,1.6736010E+01,2.8325305E+03,6.1207801E-01,4.0074266E+05,1.6974140E+01,0000000000000000,,,,,621.21713,4.1301504E-05,848.90216,5.4874941E-05,2.2898057E-05,-3.0958818E-04
125.2790996,3.525875E-04,800,3.9988578E+05,1.6735962E+01,2.8279333E+03,6.1207467E-01,4.0334138E+05,1.6924353E+01,0000000000000000,,,,,621.21728,4.1037256E-05,848.90190,5.4525688E-05,8.5338666E-05,-3.6896966E-04
125.2995338,3.532367E-04,801,3.9987031E+05,1.6735914E+01,2.8301560E+03,6.1207128E-01,4.0332672E+05,1.6920799E+01,0000000000000000,,,,,621.21703,4.1037158E-05,848.90204,5.4525663E-05,-2.1239235E-05,-2.6656708E-04
125.3199680,3.538859E-04,802,3.9994166E+05,1.6735867E+01,2.8284016E+03,6.1206794E-01,4.0339822E+05,1.6883677E+01,0000000000000128,,,,,621.21714,4.1030791E-05,848.90211,5.4517630E-05,3.2685835E-05,-2.6790719E-04
125.3404024,3.545351E-04,803,3.9996166E+05,1.6735819E+01,2.8321484E+03,6.1206454E-01,4.0342528E+05,1.6960890E+01,0000000000000000,,,,,621.21723,4.1027226E-05,848.90182,5.4514858E-05,1.2794101E-04,-5.5750075E-04
125.3608365,3.551842E-04,804,3.9990891E+05,1.6735771E+01,2.8296155E+03,6.1206114E-01,4.0336838E+05,1.6940281E+01,0000000000000000,,,,,621.21696,4.1033229E-05,848.90217,5.4522010E-05,-1.4160566E-04,-1.7175416E-04
125.3812708,3.558332E-04,805,3.9987056E+05,1.6735723E+01,2.8284978E+03,6.1205781E-01,4.0333219E+05,1.6934658E+01,0000000000000000,,,,,621.21713,4.1037707E-05,848.90251,5.4527220E-05,0.0000000E+00,0.0000000E+00
125.4017051,3.564823E-04,806,3.9989875E+05,1.6735676E+01,2.8286833E+03,6.1205441E-01,4.0335544E+05,1.6902901E+01,0000000000000000,,,,,621.21704,4.1033589E-05,848.90249,5.4522541E-05,-8.3679406E-05,2.5546648E-05
125.4221394,3.571313E-04,807,3.9991072E+05,1.6735628E+01,2.8271677E+03,6.1205101E-01,4.0336709E+05,1.6824726E+01,0000000000000000,,,,,621.21697,4.1032261E-05,848.90261,5.4520955E-05,-4.6474208E-05,3.1610623E-05
125.4425735,3.577802E-04,808,3.9990622E+05,1.6735580E+01,2.8241023E+03,6.1204767E-01,4.0336922E+05,1.6930176E+01,0000000000000000,,,,,621.21674,4.1032559E-05,848.90268,5.4521741E-05,-2.9504873E-04,8.9803005E-05
125.4630077,3.584291E-04,809,3.9990878E+05,1.6735588E+01,2.8313911E+03,6.1204910E-01,4.0337000E+05,1.6943287E+01,0000000000000000,,,,,621.21701,4.1033662E-05,848.90241,5.4524877E-05,-6.3097053E-05,4.8539856E-05
125.4834421,3.590780E-04,810,3.9988981E+05,1.6735594E+01,2.8267556E+03,6.1205059E-01,4.0335988E+05,1.6917837E+01,0000000000000000,,,,,621.21711,4.1034447E-05,848.90255,5.4525815E-05,8.9780142E-06,7.5449854E-05
125.5038762,3.597268E-04,811,3.9992372E+05,1.6735600E+01,2.8294910E+03,6.1205208E-01,4.0338500E+05,1.6920807E+01,0000000000000000,,,,,621.21695,4.1031635E-05,848.90234,5.4523458E-05,-7.0099872E-05,-1.4319085E-04
125.5243105,3.603756E-04,812,3.9992206E+05,1.6735605E+01,2.8281450E+03,6.1205351E-01,4.0338847E+05,1.6938305E+01,0000000000000000,,,,,621.21719,4.1032399E-05,848.90223,5.4525437E-05,9.9115146E-05,-3.4854832E-04
125.5447448,3.610243E-04,813,3.9992834E+05,1.6735613E+01,2.8284380E+03,6.1205500E-01,4.0339903E+05,1.6869221E+01,0000000000000000,,,,,621.21686,4.1031875E-05,848.90296,5.4522108E-05,-2.1534757E-04,3.5158877E-04
125.5651790,3.616730E-04,814,3.9993288E+05,1.6735619E+01,2.8262375E+03,6.1205649E-01,4.0339362E+05,1.6872858E+01,0000000000000128,,,,,621.21721,4.1032690E-05,848.90269,5.4524851E-05,7.6834316E-05,1.0450175E-04
125.5856132,3.623217E-04,815,3.9991356E+05,1.6735624E+01,2.8273940E+03,6.1205792E-01,4.0338425E+05,1.6855766E+01,0000000000008192,,,,,621.21703,4.1034746E-05,848.90297,5.4526838E-05,-7.7967132E-05,3.4555895E-04
125.6060475,3.629703E-04,816,3.9992403E+05,1.6735630E+01,2.8252124E+03,6.1205935E-01,4.0338875E+05,1.6911161E+01,0000000000000128,,,,,621.21703,4.1033276E-05,848.90283,5.4525997E-05,-1.2741350E-04,2.6528043E-04
125.6264817,3.636188E-04,817,3.9991991E+05,1.6735638E+01,2.8242974E+03,6.1206084E-01,4.0338684E+05,1.6873730E+01,0000000000000000,,,,,621.21705,4.1033501E-05,848.90312,5.4525557E-05,-7.1021827E-06,2.7721742E-04
125.6469161,3.642674E-04,818,3.9990966E+05,1.6735643E+01,2.8311328E+03,6.1206228E-01,4.0338269E+05,1.6944096E+01,0000000000000000,,,,,621.21670,4.1035259E-05,848.90347,5.4526856E-05,-2.6818176E-04,7.6987356E-04
125.6673502,3.649158E-04,819,3.9992375E+05,1.6735649E+01,2.8227944E+03,6.1206371E-01,4.0338669E+05,1.6848997E+01,0000000000008192,,,,,621.21662,4.1034007E-05,848.90310,5.4527256E-05,-4.0043774E-04,4.1805487E-04
125.6877846,3.655643E-04,820,3.9986434E+05,1.6735655E+01,2.8290452E+03,6.1206514E-01,4.0334050E+05,1.6924585E+01,0000000000000000,,,,,621.21612,4.1038838E-05,848.90318,5.4533812E-05,-8.8914519E-04,4.6712140E-04
125.7082188,3.662127E-04,821,3.9988650E+05,1.6735662E+01,2.8254590E+03,6.1206663E-01,4.0335700E+05,1.6917624E+01,0000000000000000,,,,,621.21633,4.1038427E-05,848.90285,5.4535190E-05,-6.8054965E-04,1.7232551E-04
125.7286530,3.668610E-04,822,3.9987547E+05,1.6735668E+01,2.8282256E+03,6.1206806E-01,4.0335247E+05,1.6900679E+01,0000000000000000,,,,,621.21603,4.1039242E-05,848.90359,5.4533542E-05,-1.0171802E-03,8.2088454E-04
125.7490872,3.675093E-04,823,3.9992612E+05,1.6735676E+01,2.8252510E+03,6.1206949E-01,4.0340709E+05,1.6919258E+01,0000000000000000,,,,,621.21594,4.1034982E-05,848.90374,5.4527733E-05,-1.0335606E-03,8.8330777E-04
125.7695216,3.681576E-04,824,3.9990547E+05,1.6735682E+01,2.8255859E+03,6.1207092E-01,4.0337638E+05,1.6881996E+01,0000000000000000,,,,,621.21628,4.1038085E-05,848.90331,5.4534230E-05,-7.6292490E-04,5.2647351E-04
125.7899557,3.688058E-04,825,3.9987988E+05,1.6735687E+01,2.8262529E+03,6.1207229E-01,4.0336034E+05,1.6922834E+01,0000000000000000,,,,,621.21606,4.1039468E-05,848.90368,5.4534961E-05,-8.9848565E-04,8.1688527E-04
125.8103900,3.694540E-04,826,3.9987650E+05,1.6735695E+01,2.8253035E+03,6.1207372E-01,4.0334947E+05,1.6880541E+01,0000000000000000,,,,,621.21632,4.1039806E-05,848.90349,5.4536707E-05,-7.9675304E-04,6.3540245E-04
125.8308243,3.701021E-04,827,3.9989281E+05,1.6735699E+01,2.8221987E+03,6.1207515E-01,4.0336884E+05,1.6867765E+01,0000000000000000,,,,,621.21610,4.1039490E-05,848.90380,5.4535445E-05,-9.0582448E-04,9.1936468E-04
125.8512585,3.707502E-04,828,3.9990819E+05,1.6735706E+01,2.8249458E+03,6.1207658E-01,4.0338919E+05,1.6858135E+01,0000000000000000,,,,,621.21588,4.1037933E-05,848.90429,5.4531763E-05,-1.1191344E-03,1.3153662E-03
125.8716927,3.713982E-04,829,3.9993284E+05,1.6735712E+01,2.8221953E+03,6.1207801E-01,4.0341016E+05,1.6832163E+01,0000000000000000,,,,,621.21622,4.1036012E-05,848.90362,5.4532575E-05,-8.2319934E-04,8.1784360E-04
125.8921270,3.720462E-04,830,3.9989569E+05,1.6735718E+01,2.8232634E+03,6.1207938E-01,4.0337634E+05,1.6852144E+01,0000000000000000,,,,,621.21611,4.1040050E-05,848.90366,5.4538250E-05,-8.6384051E-04,7.1317377E-04
125.9125612,3.726942E-04,831,3.9987712E+05,1.6735723E+01,2.8243364E+03,6.1208081E-01,4.0335566E+05,1.6790962E+01,0000000000000000,,,,,621.21615,4.1042294E-05,848.90348,5.4542503E-05,-7.9783617E-04,6.5332599E-04
125.9329955,3.733421E-04,832,3.9990703E+05,1.6735731E+01,2.8230398E+03,6.1208218E-01,4.0339562E+05,1.6909439E+01,0000000000000000,,,,,621.21593,4.1038467E-05,848.90417,5.4534950E-05,-1.0188696E-03,1.0614695E-03
125.9534297,3.739900E-04,833,3.9987028E+05,1.6735727E+01,2.8252031E+03,6.1207855E-01,4.0335466E+05,1.6820150E+01,0000000000000000,,,,,621.21625,4.1043251E-05,848.90386,5.4543365E-05,-7.2938093E-04,8.1422989E-04
125.9738641,3.746378E-04,834,3.9992475E+05,1.6735723E+01,2.8249587E+03,6.1207491E-01,4.0340584E+05,1.6832708E+01,0000000000000000,,,,,621.21650,4.1036674E-05,848.90354,5.4536707E-05,-4.8612643E-04,5.1942095E-04
125.9942982,3.752856E-04,835,3.9991753E+05,1.6735720E+01,2.8240596E+03,6.1207128E-01,4.0340169E+05,1.6853252E+01,0000000000000000,,,,,621.21652,4.1036736E-05,848.90353,5.4537562E-05,-4.1689642E-04,5.1299809E-04
126.0147325,3.759333E-04,836,3.9986106E+05,1.6735718E+01,2.8218418E+03,6.1206764E-01,4.0334869E+05,1.6850515E+01,0000000000000000,,,,,621.21648,4.1044277E-05,848.90354,5.4548254E-05,-4.8679448E-04,6.4674160E-04
126.0351666,3.765810E-04,837,3.9992122E+05,1.6735712E+01,2.8230247E+03,6.1206400E-01,4.0341481E+05,1.6859550E+01,0000000000000000,,,,,621.21657,4.1037270E-05,848.90312,5.4541451E-05,-2.8195209E-04,1.5459400E-04
126.0556009,3.772287E-04,838,3.9990406E+05,1.6735708E+01,2.8248584E+03,6.1206037E-01,4.0339678E+05,1.6823313E+01,0000000000000000,,,,,621.21678,4.1038787E-05,848.90284,5.4545406E-05,-1.0000939E-04,-1.1865151E-04
126.0760352,3.778763E-04,839,3.9987578E+05,1.6735706E+01,2.8227729E+03,6.1205667E-01,4.0336106E+05,1.6887613E+01,0000000000000000,,,,,621.21689,4.1041068E-05,848.90288,5.4548989E-05,-7.0421418E-05,-1.4765011E-04
126.0964693,3.785238E-04,840,3.9990266E+05,1.6735703E+01,2.8242461E+03,6.1205304E-01,4.0339434E+05,1.6828341E+01,0000000000000000,,,,,621.21712,4.1038966E-05,848.90277,5.4547392E-05,2.3037478E-04,-1.7581573E-04
126.1169037,3.791713E-04,841,3.9988950E+05,1.6735699E+01,2.8216021E+03,6.1204934E-01,4.0337959E+05,1.6874102E+01,0000000000000000,,,,,621.21692,4.1039359E-05,848.90321,5.4546719E-05,-3.7513778E-06,1.2096929E-04
126.1373379,3.798188E-04,842,3.9988094E+05,1.6735695E+01,2.8235054E+03,6.1204565E-01,4.0337253E+05,1.6864920E+01,0000000000000000,,,,,621.21689,4.1039217E-05,848.90283,5.4548858E-05,-3.8700069E-05,-1.6018693E-04
126.1577722,3.804662E-04,843,3.9991447E+05,1.6735691E+01,2.8216375E+03,6.1204201E-01,4.0341075E+05,1.6849077E+01,0000000000000000,,,,,621.21718,4.1036525E-05,848.90269,5.4546628E-05,3.3859085E-04,-3.8593463E-04
126.1782063,3.811136E-04,844,3.9989962E+05,1.6735687E+01,2.8208218E+03,6.1203831E-01,4.0339216E+05,1.6821869E+01,0000000000000000,,,,,621.21722,4.1036943E-05,848.90275,5.4547610E-05,2.7412729E-04,-2.7324035E-04
126.1986407,3.817609E-04,845,3.9983975E+05,1.6735683E+01,2.8196770E+03,6.1203468E-01,4.0333453E+05,1.6869526E+01,0000000000000000,,,,,621.21698,4.1043819E-05,848.90322,5.4555421E-05,9.7895550E-05,6.5484666E-05
126.2190749,3.824082E-04,846,3.9987947E+05,1.6735680E+01,2.8213438E+03,6.1203098E-01,4.0337606E+05,1.6842665E+01,0000000000000000,,,,,621.21708,4.1039213E-05,848.90311,5.4550488E-05,1.6050224E-04,1.6265485E-05
126.2395091,3.830555E-04,847,3.9989925E+05,1.6735676E+01,2.8202422E+03,6.1202723E-01,4.0339147E+05,1.6806574E+01,0000000000000128,,,,,621.21696,4.1036794E-05,848.90333,5.4547072E-05,1.0069337E-04,6.3433006E-05
126.2599434,3.837027E-04,848,,,,,,,0000000000000036,,,,,,,,,,
126.2803777,3.843498E-04,849,3.9990328E+05,1.6735668E+01,2.8232024E+03,6.1201990E-01,4.0340284E+05,1.6854565E+01,0000000000000000,,,,,621.21626,4.1033498E-05,848.90328,5.4544329E-05,-6.2105263E-04,1.5819860E-04
126.3008118,3.849969E-04,850,3.9988994E+05,1.6735664E+01,2.8237219E+03,6.1201620E-01,4.0339178E+05,1.6911438E+01,0000000000000000,,,,,621.21610,4.1036445E-05,848.90331,5.4548793E-05,-7.5535045E-04,1.6486880E-04
126.3212461,3.856440E-04,851,3.9991841E+05,1.6735662E+01,2.8210054E+03,6.1201251E-01,4.0342028E+05,1.6901651E+01,0000000000000000,,,,,621.21575,4.1032134E-05,848.90399,5.4540822E-05,-1.1398781E-03,6.6600915E-04
126.3416804,3.862910E-04,852,3.9987216E+05,1.6735659E+01,2.8205752E+03,6.1200875E-01,4.0337525E+05,1.6850637E+01,0000000000000000,,,,,621.21558,4.1037783E-05,848.90446,5.4547014E-05,-1.1968258E-03,1.1408597E-03
126.3621146,3.869380E-04,853,3.9988456E+05,1.6735655E+01,2.8211765E+03,6.1200505E-01,4.0338912E+05,1.6900263E+01,0000000000000000,,,,,621.21574,4.1034236E-05,848.90381,5.4545828E-05,-1.2327044E-03,5.4062379E-04
126.3825488,3.875849E-04,854,3.9987397E+05,1.6735651E+01,2.8212329E+03,6.1200136E-01,4.0338000E+05,1.6892750E+01,0000000000000000,,,,,621.21553,4.1036255E-05,848.90381,5.4549218E-05,-1.3161327E-03,4.9899740E-04
126.4029832,3.882318E-04,855,3.9987303E+05,1.6735647E+01,2.8228967E+03,6.1199760E-01,4.0337972E+05,1.6950329E+01,0000000000000000,,,,,621.21556,4.1034695E-05,848.90346,5.4549386E-05,-1.1981825E-03,1.9821958E-04
126.4234174,3.888787E-04,856,3.9989269E+05,1.6735643E+01,2.8244373E+03,6.1199391E-01,4.0340181E+05,1.6913200E+01,0000000000000000,,,,,621.21553,4.1035000E-05,848.90407,5.4547851E-05,-1.2448488E-03,6.8814144E-04
126.4438515,3.895255E-04,857,3.9988297E+05,1.6735630E+01,2.8239597E+03,6.1199927E-01,4.0339397E+05,1.6876051E+01,0000000000000000,,,,,621.21556,4.1035473E-05,848.90433,5.4548211E-05,-1.1742885E-03,8.5058057E-04
126.4642858,3.901722E-04,858,3.9985009E+05,1.6735619E+01,2.8250867E+03,6.1200464E-01,4.0336262E+05,1.6824471E+01,0000000000008192,,,,,621.21568,4.1040712E-05,848.90402,5.4557378E-05,-1.1185864E-03,6.1313494E-04
126.4847201,3.908189E-04,859,3.9993144E+05,1.6735607E+01,2.8228206E+03,6.1201000E-01,4.0344569E+05,1.6917433E+01,0000000000000000,,,,,621.21547,4.1029485E-05,848.90460,5.4540811E-05,-1.3126823E-03,9.6081896E-04
126.5051543,3.914656E-04,860,3.9987034E+05,1.6735594E+01,2.8376455E+03,6.1201537E-01,4.0338500E+05,1.6934555E+01,0000000000000000,,,,,621.21540,4.1038376E-05,848.90436,5.4554523E-05,-1.2755428E-03,7.6475157E-04
126.5255885,3.921122E-04,861,3.9987244E+05,1.6735580E+01,2.8231611E+03,6.1202073E-01,4.0339575E+05,1.6901339E+01,0000000000000000,,,,,621.21569,4.1038998E-05,848.90487,5.4554017E-05,-1.0319856E-03,1.2140082E-03
126.5460227,3.927587E-04,862,3.9989447E+05,1.6735569E+01,2.8244429E+03,6.1202610E-01,4.0341644E+05,1.6932749E+01,0000000000000000,,,,,621.21560,4.1035470E-05,848.90497,5.4549761E-05,-1.0665723E-03,1.1784640E-03
126.5664570,3.934053E-04,863,3.9987419E+05,1.6735556E+01,2.8274834E+03,6.1203146E-01,4.0339231E+05,1.6883751E+01,0000000000000000,,,,,621.21538,4.1039100E-05,848.90489,5.4555770E-05,-1.2840185E-03,1.2179635E-03
126.5868913,3.940517E-04,864,3.9989109E+05,1.6735544E+01,2.8258044E+03,6.1203682E-01,4.0341678E+05,1.6898491E+01,0000000000000000,,,,,621.21543,4.1035753E-05,848.90488,5.4552227E-05,-1.2556948E-03,1.1321141E-03
126.6073255,3.946981E-04,865,3.9987478E+05,1.6735533E+01,2.8276057E+03,6.1204219E-01,4.0339928E+05,1.6964880E+01,0000000000000000,,,,,621.21529,4.1038951E-05,848.90505,5.4556600E-05,-1.3733865E-03,1.2801567E-03
126.6277598,3.953445E-04,866,3.9988275E+05,1.6735519E+01,2.8262720E+03,6.1204755E-01,4.0341088E+05,1.6963110E+01,0000000000000000,,,,,621.21522,4.1038114E-05,848.90500,5.4556527E-05,-1.4266393E-03,1.1994865E-03
126.6481940,3.959908E-04,867,3.9990494E+05,1.6735506E+01,2.8257043E+03,6.1205286E-01,4.0343591E+05,1.6950581E+01,0000000000000000,,,,,621.21534,4.1036736E-05,848.90488,5.4556102E-05,-1.3695591E-03,1.0764487E-03
126.6686283,3.966371E-04,868,3.9986497E+05,1.6735495E+01,2.8273596E+03,6.1205822E-01,4.0339125E+05,1.6965755E+01,0000000000000000,,,,,621.21513,4.1039228E-05,848.90406,5.4563745E-05,-1.5438078E-03,4.4278378E-04
126.6890624,3.972834E-04,869,3.9985797E+05,1.6735481E+01,2.8256248E+03,6.1206359E-01,4.0338969E+05,1.6956259E+01,0000000000000000,,,,,621.21500,4.1039777E-05,848.90466,5.4562744E-05,-1.5836403E-03,7.4618065E-04
126.7094967,3.979296E-04,870,3.9987534E+05,1.6735470E+01,2.8239988E+03,6.1206895E-01,4.0339928E+05,1.6894066E+01,0000000000000000,,,,,621.21518,4.1039388E-05,848.90501,5.4561595E-05,-1.4413684E-03,1.1327760E-03
126.7299310,3.985757E-04,871,3.9985778E+05,1.6735456E+01,2.8269236E+03,6.1207426E-01,4.0339238E+05,1.6889042E+01,0000000000000000,,,,,621.21483,4.1041869E-05,848.90525,5.4564720E-05,-1.8457412E-03,1.4069312E-03
126.7503651,3.992218E-04,872,3.9989856E+05,1.6735445E+01,2.8234280E+03,6.1207962E-01,4.0343291E+05,1.6849392E+01,0000000000000000,,,,,621.21498,4.1037205E-05,848.90530,5.4559165E-05,-1.6169352E-03,1.3305063E-03
126.7707995,3.998679E-04,873,3.9986894E+05,1.6735432E+01,2.8298711E+03,6.1208498E-01,4.0340306E+05,1.6927568E+01,0000000000000000,,,,,621.21488,4.1040901E-05,848.90498,5.4566299E-05,-1.7165699E-03,1.0684174E-03
126.7912337,4.005139E-04,874,3.9990500E+05,1.6735420E+01,2.8274058E+03,6.1209029E-01,4.0344425E+05,1.6887104E+01,0000000000000000,,,,,621.21469,4.1036983E-05,848.90476,5.4562850E-05,-1.8069417E-03,8.9970633E-04
126.8116679,4.011598E-04,875,3.9984153E+05,1.6735407E+01,2.8251150E+03,6.1209565E-01,4.0337512E+05,1.6958742E+01,0000000000000000,,,,,621.21484,4.1044499E-05,848.90504,5.4572520E-05,-1.7715428E-03,1.1015025E-03
126.8321021,4.018057E-04,876,3.9987088E+05,1.6735395E+01,2.8263618E+03,6.1210096E-01,4.0340759E+05,1.6928083E+01,0000000000000000,,,,,621.21475,4.1041709E-05,848.90535,5.4568347E-05,-1.9399879E-03,1.3708816E-03
126.8525365,4.024516E-04,877,3.9987222E+05,1.6735382E+01,2.8260601E+03,6.1210632E-01,4.0341216E+05,1.6904446E+01,0000000000000000,,,,,621.21484,4.1041752E-05,848.90517,5.4570017E-05,-1.8006623E-03,1.2117025E-03
126.8729706,4.030974E-04,878,3.9984484E+05,1.6735371E+01,2.8273650E+03,6.1211169E-01,4.0338231E+05,1.6823645E+01,0000000000000000,,,,,621.21466,4.1044383E-05,848.90519,5.4574273E-05,-1.9634159E-03,1.1287588E-03
126.8934049,4.037432E-04,879,3.9983844E+05,1.6735357E+01,2.8264741E+03,6.1211699E-01,4.0338066E+05,1.6813456E+01,0000000000000000,,,,,621.21474,4.1045249E-05,848.90528,5.4575910E-05,-1.8929351E-03,1.2461949E-03
126.9138392,4.043889E-04,880,3.9983156E+05,1.6735346E+01,2.8290857E+03,6.1212236E-01,4.0337003E+05,1.6878521E+01,0000000000000000,,,,,621.21471,4.1046558E-05,848.90535,5.4578188E-05,-1.8988290E-03,1.3330851E-03
126.9342735,4.050346E-04,881,3.9981644E+05,1.6735344E+01,2.8282466E+03,6.1211509E-01,4.0335975E+05,1.6932623E+01,0000000000000000,,,,,621.21467,4.1047901E-05,848.90535,5.4580418E-05,-1.9674904E-03,1.2224750E-03
126.9547076,4.056802E-04,882,3.9985541E+05,1.6735340E+01,2.8280735E+03,6.1210781E-01,4.0340347E+05,1.6935257E+01,0000000000000000,,,,,621.21441,4.1043491E-05,848.90535,5.4574964E-05,-2.1301601E-03,1.2334205E-03
126.9751418,4.063258E-04,883,3.9986319E+05,1.6735340E+01,2.8298247E+03,6.1210060E-01,4.0340706E+05,1.6910549E+01,0000000000000000,,,,,621.21467,4.1041316E-05,848.90518,5.4573287E-05,-1.9128993E-03,1.1331907E-03
126.9955762,4.069713E-04,884,3.9989159E+05,1.6735336E+01,2.8291768E+03,6.1209333E-01,4.0343803E+05,1.6909502E+01,0000000000000000,,,,,621.21473,4.1038649E-05,848.90541,5.4569176E-05,-1.7594242E-03,1.2525709E-03
127.0160104,4.076168E-04,885,3.9988253E+05,1.6735334E+01,2.8296628E+03,6.1208612E-01,4.0342803E+05,1.6943220E+01,0000000000000000,,,,,621.21464,4.1038267E-05,848.90577,5.4567594E-05,-1.8975245E-03,1.4937776E-03
127.0364446,4.082622E-04,886,3.9986131E+05,1.6735332E+01,2.8297043E+03,6.1207885E-01,4.0340197E+05,1.6932985E+01,0000000000000000,,,,,621.21509,4.1041043E-05,848.90518,5.4574284E-05,-1.5217921E-03,1.0263580E-03
127.0568789,4.089077E-04,887,3.9983738E+05,1.6735331E+01,2.8262571E+03,6.1207163E-01,4.0338116E+05,1.6930613E+01,0000000000000000,,,,,621.21475,4.1045419E-05,848.90605,5.4576798E-05,-1.8024481E-03,1.7738593E-03
127.0773132,4.095530E-04,888,3.9984678E+05,1.6735329E+01,2.8285017E+03,6.1206436E-01,4.0338641E+05,1.6909025E+01,0000000000000128,,,,,621.21488,4.1042687E-05,848.90549,5.4576009E-05,-1.7054824E-03,1.3422646E-03
127.0977473,4.101983E-04,889,3.9988272E+05,1.6735327E+01,2.8235540E+03,6.1205709E-01,4.0343266E+05,1.6926247E+01,0000000000000000,,,,,621.21447,4.1037740E-05,848.90589,5.4568129E-05,-2.1520369E-03,1.6503988E-03
127.1181816,4.108435E-04,890,3.9983544E+05,1.6735325E+01,2.8263308E+03,6.1204988E-01,4.0338062E+05,1.6952255E+01,0000000000000000,,,,,621.21460,4.1043539E-05,848.90558,5.4577613E-05,-1.9324761E-03,1.4592581E-03
127.1386159,4.114887E-04,891,3.9985928E+05,1.6735323E+01,2.8271248E+03,6.1204261E-01,4.0340722E+05,1.6938671E+01,0000000000000000,,,,,621.21466,4.1040283E-05,848.90600,5.4571934E-05,-2.0134239E-03,1.7829252E-03
127.1590502,4.121339E-04,892,3.9986819E+05,1.6735321E+01,2.8276377E+03,6.1203533E-01,4.0341478E+05,1.6909189E+01,0000000000000000,,,,,621.21441,4.1038242E-05,848.90608,5.4569286E-05,-2.1586593E-03,1.8398945E-03
127.1794843,4.127790E-04,893,3.9984000E+05,1.6735319E+01,2.8263740E+03,6.1202806E-01,4.0338712E+05,1.6924641E+01,0000000000000000,,,,,621.21454,4.1041985E-05,848.90573,5.4576220E-05,-2.0396775E-03,1.6860749E-03
127.1999186,4.134240E-04,894,3.9984059E+05,1.6735317E+01,2.8289177E+03,6.1202085E-01,4.0338712E+05,1.6847439E+01,0000000000000000,,,,,621.21409,4.1041152E-05,848.90613,5.4573778E-05,-2.3953095E-03,1.8882697E-03
127.2203529,4.140690E-04,895,3.9983381E+05,1.6735315E+01,2.8289277E+03,6.1201352E-01,4.0338625E+05,1.6903824E+01,0000000000000000,,,,,621.21410,4.1040017E-05,848.90580,5.4574142E-05,-2.5012919E-03,1.5104548E-03
127.2407870,4.147140E-04,896,3.9985481E+05,1.6735312E+01,2.8257375E+03,6.1200631E-01,4.0339988E+05,1.6941917E+01,0000000000000000,,,,,621.21409,4.1037696E-05,848.90574,5.4571759E-05,-2.4648560E-03,1.5900169E-03
127.2612213,4.153589E-04,897,3.9982716E+05,1.6735312E+01,2.8280352E+03,6.1199903E-01,4.0337828E+05,1.6796799E+01,0000000000000000,,,,,621.21407,4.1039508E-05,848.90597,5.4573593E-05,-2.4944500E-03,1.6902381E-03
127.2816556,4.160038E-04,898,3.9986569E+05,1.6735308E+01,2.8280085E+03,6.1199176E-01,4.0341284E+05,1.6933701E+01,0000000000000000,,,,,621.21427,4.1035208E-05,848.90527,5.4571370E-05,-2.2312612E-03,1.0726128E-03
127.3020898,4.166486E-04,899,3.9986150E+05,1.6735308E+01,2.8250134E+03,6.1198449E-01,4.0341425E+05,1.6924032E+01,0000000000000000,,,,,621.21456,4.1036441E-05,848.90562,5.4571952E-05,-2.0162929E-03,1.4264887E-03
127.3225240,4.172933E-04,900,3.9985469E+05,1.6735304E+01,2.8221069E+03,6.1197722E-01,4.0340391E+05,1.6892412E+01,0000000000000000,,,,,621.21452,4.1037394E-05,848.90563,5.4573629E-05,-1.9942999E-03,1.4077844E-03
127.3429584,4.179380E-04,901,3.9987528E+05,1.6735302E+01,2.8485508E+03,6.1196995E-01,4.0342450E+05,1.6895132E+01,0000000000000000,,,,,621.21442,4.1035597E-05,848.90554,5.4572047E-05,-2.1048177E-03,1.3177078E-03
127.3633925,4.185827E-04,902,3.9985616E+05,1.6735300E+01,2.8227407E+03,6.1196268E-01,4.0340781E+05,1.6906811E+01,0000000000008192,,,,,621.21427,4.1036303E-05,848.90599,5.4571487E-05,-2.1845652E-03,1.7102973E-03
127.3838267,4.192273E-04,903,3.9984881E+05,1.6735298E+01,2.8206399E+03,6.1195540E-01,4.0339738E+05,1.6906950E+01,0000000000000000,,,,,621.21448,4.1036768E-05,848.90599,5.4572542E-05,-2.1693700E-03,1.7319218E-03
127.4042610,4.198719E-04,904,3.9985284E+05,1.6735296E+01,2.8200730E+03,6.1194813E-01,4.0340922E+05,1.6868170E+01,0000000000000000,,,,,621.21437,4.1036845E-05,848.90620,5.4572185E-05,-2.1457139E-03,1.9271057E-03
127.4246952,4.205164E-04,905,3.9983594E+05,1.6735313E+01,2.8236882E+03,6.1194718E-01,4.0338466E+05,1.6839201E+01,0000000000000000,,,,,621.21432,4.1037467E-05,848.90612,5.4573185E-05,-2.2740918E-03,1.8618472E-03
127.4451295,4.211609E-04,906,3.9981609E+05,1.6735331E+01,2.8254065E+03,6.1194623E-01,4.0336688E+05,1.6922415E+01,0000000000000000,,,,,621.21411,4.1040177E-05,848.90591,5.4577478E-05,-2.4228294E-03,1.6206654E-03
127.4655637,4.218053E-04,907,3.9987275E+05,1.6735348E+01,2.8239456E+03,6.1194521E-01,4.0342931E+05,1.6924059E+01,0000000000000000,,,,,621.21425,4.1031271E-05,848.90571,5.4566335E-05,-2.1979529E-03,1.4293854E-03
127.4859981,4.224497E-04,908,3.9981575E+05,1.6735365E+01,2.8270247E+03,6.1194420E-01,4.0336341E+05,1.6881441E+01,0000000000008192,,,,,621.21425,4.1039049E-05,848.90550,5.4577387E-05,-2.2901339E-03,1.2909261E-03
127.5064322,4.230940E-04,909,3.9989619E+05,1.6735382E+01,2.8231960E+03,6.1194324E-01,4.0344650E+05,1.6859467E+01,0000000000000000,,,,,621.21427,4.1032603E-05,848.90612,5.4565982E-05,-2.2512288E-03,1.7698114E-03
127.5268665,4.237383E-04,910,3.9983075E+05,1.6735399E+01,2.8220823E+03,6.1194223E-01,4.0338347E+05,1.6865919E+01,0000000000000000,,,,,621.21427,4.1038944E-05,848.90604,5.4574575E-05,-2.2840363E-03,1.7172694E-03
127.5473006,4.243825E-04,911,3.9984362E+05,1.6735416E+01,2.8243081E+03,6.1194122E-01,4.0339369E+05,1.6841337E+01,0000000000000000,,,,,621.21439,4.1038023E-05,848.90614,5.4572767E-05,-2.2519424E-03,1.8562998E-03
127.5677349,4.250267E-04,912,3.9983928E+05,1.6735434E+01,2.8284226E+03,6.1194015E-01,4.0339834E+05,1.6837914E+01,0000000000000000,,,,,621.21437,4.1040017E-05,848.90639,5.4574135E-05,-2.1538283E-03,2.0817076E-03
127.5881692,4.256708E-04,913,3.9985109E+05,1.6735451E+01,2.8249070E+03,6.1193913E-01,4.0340372E+05,1.6842060E+01,0000000000000000,,,,,621.21425,4.1037329E-05,848.90590,5.4572451E-05,-2.1530171E-03,1.7515359E-03
127.6086034,4.263149E-04,914,3.9987138E+05,1.6735468E+01,2.8253765E+03,6.1193806E-01,,,0000000000000064,,,,,621.21419,4.1036190E-05,848.90604,5.4570173E-05,-2.3590352E-03,1.5878347E-03
127.6290377,4.269589E-04,915,3.9981709E+05,1.6735485E+01,2.8412209E+03,6.1193705E-01,,,0000000000000064,,,,,621.21435,4.1041872E-05,848.90579,5.4578606E-05,-2.1286700E-03,1.5697291E-03
127.6494719,4.276028E-04,916,3.9988628E+05,1.6735502E+01,2.8208501E+03,6.1193597E-01,4.0343962E+05,1.6865202E+01,0000000000000000,,,,,621.21431,4.1036026E-05,848.90658,5.4567314E-05,-2.2146602E-03,2.2664114E-03
127.6699062,4.282468E-04,917,3.9896275E+05,1.6735519E+01,2.8237090E+03,6.1193490E-01,4.0250672E+05,1.6952732E+01,0000000000000000,,,,,621.21454,4.1132200E-05,848.90670,5.4694505E-05,-2.0288003E-03,2.3505832E-03
127.6903403,4.288906E-04,918,3.9492747E+05,1.6735537E+01,2.8268757E+03,6.1193377E-01,3.9840462E+05,1.6809462E+01,0000000000000000,,,,,621.21445,4.1551833E-05,848.90652,5.5253098E-05,-1.9814307E-03,2.0601635E-03
127.7107747,4.295345E-04,919,3.9446759E+05,1.6735554E+01,2.8253909E+03,6.1193269E-01,3.9793266E+05,1.6905333E+01,0000000000000128,,,,,621.21413,4.1600371E-05,848.90660,5.5317050E-05,-2.0297363E-03,1.9409332E-03
127.7312089,4.301782E-04,920,3.9772009E+05,1.6735571E+01,2.8213950E+03,6.1193156E-01,4.0123647E+05,1.6877645E+01,0000000000000000,,,,,621.21442,4.1260791E-05,848.90680,5.4864511E-05,-2.0533297E-03,2.2736080E-03
127.7516430,4.308220E-04,921,3.9991494E+05,1.6735588E+01,2.8253828E+03,6.1193049E-01,4.0346631E+05,1.6898876E+01,0000000000000000,,,,,621.21472,4.1035346E-05,848.90593,5.4568296E-05,-1.7753408E-03,1.7378224E-03
127.7720773,4.314656E-04,922,3.9984344E+05,1.6735605E+01,2.8225823E+03,6.1192936E-01,4.0340194E+05,1.6917952E+01,0000000000000000,,,,,621.21484,4.1041880E-05,848.90616,5.4575848E-05,-1.6570548E-03,1.6926411E-03
127.7925116,4.321093E-04,923,3.9987906E+05,1.6735622E+01,2.8221699E+03,6.1192816E-01,4.0343916E+05,1.6872009E+01,0000000000000000,,,,,621.21484,4.1038740E-05,848.90627,5.4570995E-05,-1.5489989E-03,1.8639003E-03
127.8129458,4.327528E-04,924,3.9988603E+05,1.6735640E+01,2.8205527E+03,6.1192709E-01,4.0344450E+05,1.6888405E+01,0000000000000128,,,,,621.21496,4.1036717E-05,848.90599,5.4569326E-05,-1.4923507E-03,1.6218250E-03
127.8333800,4.333963E-04,925,3.9987844E+05,1.6735657E+01,2.8201099E+03,6.1192590E-01,4.0343134E+05,1.6892836E+01,0000000000000000,,,,,621.21500,4.1039591E-05,848.90604,5.4572756E-05,-1.5770027E-03,1.6565117E-03
127.8538144,4.340398E-04,926,3.9986319E+05,1.6735674E+01,2.8210193E+03,6.1192477E-01,4.0342031E+05,1.6824934E+01,0000000000000000,,,,,621.21501,4.1039457E-05,848.90597,5.4572694E-05,-1.3980198E-03,1.5180790E-03
127.8742485,4.346832E-04,927,3.9985334E+05,1.6735691E+01,2.8247058E+03,6.1192358E-01,4.0340894E+05,1.6892643E+01,0000000000000000,,,,,621.21498,4.1041774E-05,848.90576,5.4576496E-05,-1.5748336E-03,1.3209269E-03
127.8946827,4.353266E-04,928,3.9986366E+05,1.6735708E+01,2.8208789E+03,6.1192238E-01,4.0342041E+05,1.6817989E+01,0000000000000000,,,,,621.21542,4.1040435E-05,848.90584,5.4574226E-05,-1.0270678E-03,1.3936290E-03
127.9151170,4.359699E-04,929,3.9988631E+05,1.6735584E+01,2.8188691E+03,6.1192280E-01,4.0344722E+05,1.6836197E+01,0000000000000000,,,,,621.21529,4.1038325E-05,848.90621,5.4570435E-05,-1.1085862E-03,1.5893688E-03
127.9355512,4.366132E-04,930,3.9986638E+05,1.6735460E+01,2.8200527E+03,6.1192316E-01,4.0342234E+05,1.6888554E+01,0000000000000000,,,,,621.21490,4.1041370E-05,848.90588,5.4576449E-05,-1.4986000E-03,1.5085092E-03
127.9559855,4.372564E-04,931,3.9985966E+05,1.6735336E+01,2.8175471E+03,6.1192352E-01,4.0342166E+05,1.6845982E+01,0000000000000000,,,,,621.21489,4.1040857E-05,848.90634,5.4574419E-05,-1.5615781E-03,1.8372633E-03
127.9764197,4.378996E-04,932,3.9983912E+05,1.6735214E+01,2.8196948E+03,6.1192393E-01,4.0340584E+05,1.6687691E+01,0000000000000000,,,,,621.21484,4.1042662E-05,848.90623,5.4577846E-05,-1.6429992E-03,1.7134589E-03
127.9968541,4.385427E-04,933,3.9986694E+05,1.6735088E+01,2.8183601E+03,6.1192423E-01,4.0343378E+05,1.6727068E+01,0000000000000000,,,,,621.21490,4.1039799E-05,848.90580,5.4576507E-05,-1.5104627E-03,1.3256250E-03
128.0172882,4.391858E-04,934,3.9984512E+05,1.6734964E+01,2.8202881E+03,6.1192459E-01,4.0341725E+05,1.6673326E+01,0000000000000000,,,,,621.21444,4.1041039E-05,848.90631,5.4576511E-05,-1.9563076E-03,1.7188872E-03
128.0377224,4.398288E-04,935,3.9986419E+05,1.6734840E+01,2.8187280E+03,6.1192495E-01,4.0342222E+05,1.6882790E+01,0000000000000000,,,,,621.21467,4.1038584E-05,848.90596,5.4575376E-05,-1.8083266E-03,1.5067161E-03
128.0581566,4.404717E-04,936,3.9986428E+05,1.6734716E+01,2.8208433E+03,6.1192524E-01,4.0342997E+05,1.6873178E+01,0000000000000000,,,,,621.21456,4.1039239E-05,848.90629,5.4575408E-05,-1.7944336E-03,1.6855877E-03
128.0785909,4.411147E-04,937,3.9984828E+05,1.6734594E+01,2.8163066E+03,6.1192554E-01,4.0341238E+05,1.6867596E+01,0000000000000000,,,,,621.21465,4.1039973E-05,848.90649,5.4576114E-05,-1.7572815E-03,1.9631647E-03
128.0990252,4.417575E-04,938,3.9982203E+05,1.6734470E+01,2.8174385E+03,6.1192584E-01,4.0338725E+05,1.6863558E+01,0000000000000000,,,,,621.21480,4.1043088E-05,848.90651,5.4580800E-05,-1.7144443E-03,1.9270123E-03
128.1194594,4.424003E-04,939,3.9988009E+05,1.6734344E+01,2.8161484E+03,6.1192614E-01,4.0345334E+05,1.6845474E+01,0000000000008192,,,,,621.21483,4.1038562E-05,848.90671,5.4574495E-05,-1.5025657E-03,2.0761513E-03
128.1398937,4.430431E-04,940,3.9985909E+05,1.6734221E+01,2.8171460E+03,6.1192638E-01,4.0342806E+05,1.6877352E+01,0000000000008192,,,,,621.21461,4.1039748E-05,848.90684,5.4576085E-05,-1.8051852E-03,2.1489291E-03
128.1603279,4.436858E-04,941,3.9984078E+05,1.6734098E+01,2.8190054E+03,6.1192667E-01,4.0340972E+05,1.6876556E+01,0000000000000000,,,,,621.21441,4.1038853E-05,848.90689,5.4575274E-05,-1.9314041E-03,2.1317354E-03
128.1807621,4.443284E-04,942,3.9987019E+05,1.6733973E+01,2.8187136E+03,6.1192691E-01,4.0344484E+05,1.6864170E+01,0000000000000000,,,,,621.21428,4.1036419E-05,848.90722,5.4571214E-05,-2.0397459E-03,2.3915137E-03
128.2011963,4.449710E-04,943,3.9987000E+05,1.6733850E+01,2.8137043E+03,6.1192715E-01,4.0343244E+05,1.6837294E+01,0000000000000000,,,,,621.21437,4.1038220E-05,848.90717,5.4574441E-05,-2.0189846E-03,2.3751708E-03
128.2216306,4.456136E-04,944,3.9985003E+05,1.6733727E+01,2.8144229E+03,6.1192739E-01,4.0342497E+05,1.6822176E+01,0000000000000000,,,,,621.21429,4.1040574E-05,848.90755,5.4576525E-05,-2.0909547E-03,2.7497637E-03
128.2420649,4.462561E-04,945,3.9987616E+05,1.6733603E+01,2.8114182E+03,6.1192757E-01,4.0345059E+05,1.6861191E+01,0000000000000000,,,,,621.21428,4.1036808E-05,848.90735,5.4572953E-05,-2.1557894E-03,2.6128257E-03
128.2624990,4.468985E-04,946,3.9989556E+05,1.6733479E+01,2.8133706E+03,6.1192781E-01,4.0346525E+05,1.6819574E+01,0000000000000000,,,,,621.21459,4.1033545E-05,848.90678,5.4571665E-05,-1.7884622E-03,2.0438787E-03
128.2829334,4.475409E-04,947,3.9984847E+05,1.6733355E+01,2.8145535E+03,6.1192799E-01,4.0342556E+05,1.6825031E+01,0000000000000000,,,,,621.21430,4.1037492E-05,848.90690,5.4576976E-05,-1.9803543E-03,1.9811732E-03
128.3033676,4.481832E-04,948,3.9986088E+05,1.6733229E+01,2.8155259E+03,6.1192816E-01,4.0343028E+05,1.6883232E+01,0000000000000000,,,,,621.21419,4.1037511E-05,848.90694,5.4577395E-05,-2.2294696E-03,2.2097440E-03
128.3238017,4.488255E-04,949,3.9983656E+05,1.6733107E+01,2.8116797E+03,6.1192834E-01,4.0341625E+05,1.6869383E+01,0000000000000000,,,,,621.21435,4.1039137E-05,848.90672,5.4581138E-05,-2.0081697E-03,1.8612216E-03
128.3442361,4.494678E-04,950,,,,,,,0000000000000036,,,,,,,,,,
128.3646703,4.501099E-04,951,3.9989288E+05,1.6732859E+01,2.8095161E+03,6.1192870E-01,4.0346272E+05,1.6893944E+01,0000000000000000,,,,,621.21431,4.1034629E-05,848.90753,5.4572833E-05,-2.0784796E-03,2.6180693E-03
128.3851046,4.507521E-04,952,3.9981062E+05,1.6732735E+01,2.8089983E+03,6.1192882E-01,4.0338891E+05,1.6870502E+01,0000000000000000,,,,,621.21392,4.1042556E-05,848.90797,5.4582062E-05,-2.4631836E-03,3.0915262E-03
128.4055388,4.513942E-04,953,3.9984259E+05,1.6732830E+01,2.8093225E+03,6.1192787E-01,4.0342028E+05,1.6862604E+01,0000000000000000,,,,,621.21419,4.1039115E-05,848.90731,5.4581007E-05,-2.2536414E-03,2.4680563E-03
128.4259731,4.520362E-04,954,3.9987012E+05,1.6732927E+01,2.8114053E+03,6.1192697E-01,4.0345244E+05,1.6868183E+01,0000000000000000,,,,,621.21411,4.1035884E-05,848.90716,5.4578006E-05,-2.2876605E-03,2.3151035E-03
128.4464073,4.526782E-04,955,3.9988531E+05,1.6733023E+01,2.8087378E+03,6.1192608E-01,4.0346997E+05,1.6798138E+01,0000000000000000,,,,,621.21386,4.1034906E-05,848.90815,5.4573102E-05,-2.5314954E-03,3.0714967E-03
128.4668415,4.533201E-04,956,3.9984181E+05,1.6733118E+01,2.8104956E+03,6.1192513E-01,4.0342222E+05,1.6924168E+01,0000000000000000,,,,,621.21407,4.1039541E-05,848.90802,5.4580501E-05,-2.2482113E-03,2.9340484E-03
128.4872757,4.539620E-04,957,3.9985503E+05,1.6733215E+01,2.8094365E+03,6.1192423E-01,4.0343650E+05,1.6916517E+01,0000000000000000,,,,,621.21397,4.1038762E-05,848.90817,5.4579472E-05,-2.3307090E-03,3.0404902E-03
128.5077100,4.546038E-04,958,3.9987191E+05,1.6733313E+01,2.8168574E+03,6.1192334E-01,4.0345281E+05,1.6935877E+01,0000000000000000,,,,,621.21432,4.1038325E-05,848.90768,5.4581669E-05,-2.0262317E-03,2.6775217E-03
128.5281443,4.552456E-04,959,3.9987419E+05,1.6733408E+01,2.8116565E+03,6.1192238E-01,4.0346134E+05,1.6885183E+01,0000000000000000,,,,,621.21424,4.1038275E-05,848.90844,5.4578995E-05,-2.0768661E-03,3.3581145E-03
128.5485784,4.558872E-04,960,3.9985000E+05,1.6733505E+01,2.8070337E+03,6.1192143E-01,4.0342759E+05,1.6876167E+01,0000000000000000,,,,,621.21398,4.1039857E-05,848.90821,5.4582735E-05,-2.3428800E-03,3.0805347E-03
128.5690127,4.565289E-04,961,3.9984028E+05,1.6733601E+01,2.8105964E+03,6.1192054E-01,4.0342197E+05,1.6923037E+01,0000000000000000,,,,,621.21390,4.1041352E-05,848.90808,5.4585940E-05,-2.2505431E-03,2.9989553E-03
128.5894470,4.571705E-04,962,3.9986044E+05,1.6733698E+01,2.8114197E+03,6.1191958E-01,4.0344925E+05,1.6900080E+01,0000000000000000,,,,,621.21396,4.1038806E-05,848.90808,5.4583194E-05,-2.2167373E-03,3.0161347E-03
128.6098811,4.578120E-04,963,3.9985419E+05,1.6733793E+01,2.8089189E+03,6.1191863E-01,4.0343809E+05,1.6910202E+01,0000000000000000,,,,,621.21420,4.1039228E-05,848.90805,5.4584576E-05,-2.1036142E-03,2.8708358E-03
128.6303154,4.584535E-04,964,3.9985100E+05,1.6733889E+01,2.8071580E+03,6.1191767E-01,4.0343678E+05,1.6925772E+01,0000000000000000,,,,,621.21421,4.1040483E-05,848.90806,5.4586857E-05,-2.1459523E-03,2.8356710E-03
128.6507497,4.590950E-04,965,3.9987209E+05,1.6733986E+01,2.8102896E+03,6.1191672E-01,4.0345328E+05,1.6829374E+01,0000000000000000,,,,,621.21424,4.1038627E-05,848.90816,5.4584631E-05,-2.1420685E-03,2.9647923E-03
128.6711840,4.597364E-04,966,3.9986409E+05,1.6734081E+01,2.8102864E+03,6.1191583E-01,4.0345734E+05,1.6869892E+01,0000000000000000,,,,,621.21382,4.1040556E-05,848.90873,5.4585369E-05,-2.4138917E-03,3.4685580E-03
128.6916181,4.603777E-04,967,3.9989084E+05,1.6734179E+01,2.8104963E+03,6.1191481E-01,4.0348331E+05,1.6903992E+01,0000000000000000,,,,,621.21391,4.1037183E-05,848.90873,5.4581538E-05,-2.2919369E-03,3.3067851E-03
128.7120524,4.610190E-04,968,3.9983006E+05,1.6734276E+01,2.8090544E+03,6.1191386E-01,4.0341256E+05,1.6922472E+01,0000000000000000,,,,,621.21419,4.1045492E-05,848.90852,5.4594180E-05,-2.0765667E-03,3.2665769E-03
128.7324867,4.616602E-04,969,3.9985769E+05,1.6734371E+01,2.8102925E+03,6.1191291E-01,4.0345606E+05,1.6906086E+01,0000000000000000,,,,,621.21393,4.1041956E-05,848.90915,5.4587406E-05,-2.3196985E-03,3.7085791E-03
128.7529208,4.623014E-04,970,3.9992525E+05,1.6734467E+01,2.8102410E+03,6.1191195E-01,4.0351781E+05,1.6803818E+01,0000000000000000,,,,,621.21435,4.1035422E-05,848.90891,5.4580436E-05,-1.8905695E-03,3.5932313E-03
128.7733551,4.629425E-04,971,3.9986125E+05,1.6734564E+01,2.8058325E+03,6.1191094E-01,4.0345241E+05,1.6821999E+01,0000000000000000,,,,,621.21414,4.1041978E-05,848.90883,5.4590117E-05,-2.0778792E-03,3.4733564E-03
128.7937894,4.635836E-04,972,,,,,,,0000000000012352,,,,,,,,,-6.2225995E+02,-8.4985168E+02
128.8142235,4.642246E-04,973,3.9985919E+05,1.6734756E+01,2.8215110E+03,6.1190903E-01,4.0345025E+05,1.6881227E+01,0000000000000000,,,,,621.21426,4.1042647E-05,848.90865,5.4593100E-05,-2.0071229E-03,3.2087755E-03
128.8346578,4.648656E-04,974,3.9990253E+05,1.6734852E+01,2.8110674E+03,6.1190802E-01,4.0350084E+05,1.6841862E+01,0000000000000000,,,,,621.21403,4.1038478E-05,848.90951,5.4584529E-05,-2.1594577E-03,3.9879889E-03
128.8550920,4.655065E-04,975,3.9988638E+05,1.6734947E+01,2.8093879E+03,6.1190701E-01,4.0348450E+05,1.6869883E+01,0000000000000000,,,,,621.21390,4.1041494E-05,848.90999,5.4587133E-05,-2.3039230E-03,4.4406550E-03
128.8755263,4.661474E-04,976,3.9990841E+05,1.6735044E+01,2.8067222E+03,6.1190605E-01,4.0349800E+05,1.6910196E+01,0000000000000000,,,,,621.21409,4.1039952E-05,848.90974,5.4586813E-05,-2.2460530E-03,4.2483150E-03
128.8959605,4.667881E-04,977,3.9987025E+05,1.6735039E+01,2.8066387E+03,6.1190164E-01,4.0347069E+05,1.6860445E+01,0000000000000000,,,,,621.21383,4.1041640E-05,848.90973,5.4589709E-05,-2.4406617E-03,4.0915827E-03
128.9163947,4.674289E-04,978,3.9986456E+05,1.6735035E+01,2.8081316E+03,6.1189717E-01,4.0345356E+05,1.6863634E+01,0000000000000000,,,,,621.21404,4.1041938E-05,848.90900,5.4593911E-05,-2.1291934E-03,3.5819262E-03
128.9368290,4.680696E-04,979,3.9989106E+05,1.6735029E+01,2.8055908E+03,6.1189258E-01,4.0348781E+05,1.6881824E+01,0000000000000128,,,,,621.21396,4.1039064E-05,848.90914,5.4590088E-05,-2.0881768E-03,3.6460299E-03
128.9572632,4.687102E-04,980,3.9986906E+05,1.6735023E+01,2.8073843E+03,6.1188793E-01,4.0346466E+05,1.6868546E+01,0000000000000000,,,,,621.21453,4.1040668E-05,848.90890,5.4593947E-05,-1.7396108E-03,3.2109902E-03
128.9776975,4.693508E-04,981,3.9987178E+05,1.6735020E+01,2.8082019E+03,6.1188322E-01,4.0347194E+05,1.6796286E+01,0000000000000000,,,,,621.21421,4.1040919E-05,848.90901,5.4594406E-05,-1.9352878E-03,3.5035578E-03
128.9981316,4.699913E-04,982,3.9986028E+05,1.6735014E+01,2.8045591E+03,6.1187840E-01,4.0346253E+05,1.6874966E+01,0000000000000000,,,,,621.21407,4.1041454E-05,848.90889,5.4596258E-05,-2.0716176E-03,3.3594116E-03
129.0185660,4.706318E-04,983,3.9988922E+05,1.6735008E+01,2.8071418E+03,6.1187351E-01,4.0349131E+05,1.6896107E+01,0000000000000000,,,,,621.21419,4.1038627E-05,848.90926,5.4591572E-05,-2.0016695E-03,3.6534555E-03
129.0390002,4.712722E-04,984,3.9987606E+05,1.6735003E+01,2.8069651E+03,6.1186850E-01,4.0347878E+05,1.6896536E+01,0000000000000000,,,,,621.21405,4.1038766E-05,848.90924,5.4592456E-05,-2.1405176E-03,3.6685809E-03
129.0594343,4.719126E-04,985,3.9985425E+05,1.6734999E+01,2.8058445E+03,6.1186349E-01,4.0345328E+05,1.6858223E+01,0000000000000000,,,,,621.21400,4.1040792E-05,848.90894,5.4597054E-05,-2.1583193E-03,3.4527367E-03
129.0798687,4.725529E-04,986,3.9987466E+05,1.6734993E+01,2.8005764E+03,6.1185837E-01,4.0347431E+05,1.6916597E+01,0000000000000000,,,,,621.21397,4.1038271E-05,848.90877,5.4595064E-05,-2.1587117E-03,3.2520066E-03
129.1003029,4.731931E-04,987,3.9987403E+05,1.6734987E+01,2.8048789E+03,6.1185324E-01,4.0347253E+05,1.6856810E+01,0000000000000000,,,,,621.21400,4.1038031E-05,848.90888,5.4594893E-05,-2.1676812E-03,3.3291986E-03
129.1207372,4.738334E-04,988,3.9988962E+05,1.6734983E+01,2.8053872E+03,6.1184800E-01,4.0349069E+05,1.6887897E+01,0000000000000000,,,,,621.21415,4.1035852E-05,848.90885,5.4592780E-05,-2.0799674E-03,3.3757610E-03
129.1411713,4.744735E-04,989,3.9984662E+05,1.6734978E+01,2.8067361E+03,6.1184275E-01,4.0345675E+05,1.6924135E+01,0000000000000000,,,,,621.21377,4.1038351E-05,848.90961,5.4593482E-05,-2.3160563E-03,3.8465664E-03
129.1616056,4.751136E-04,990,3.9989909E+05,1.6734972E+01,2.8052954E+03,6.1183739E-01,4.0349912E+05,1.6902166E+01,0000000000000000,,,,,621.21402,4.1033654E-05,848.90871,5.4591739E-05,-2.0934378E-03,3.2373506E-03
129.1820399,4.757536E-04,991,3.9989906E+05,1.6734966E+01,2.8069641E+03,6.1183196E-01,4.0349994E+05,1.6913353E+01,0000000000000128,,,,,621.21453,4.1032017E-05,848.90865,5.4590488E-05,-1.6284641E-03,3.1391880E-03
129.2024740,4.763936E-04,992,3.9987888E+05,1.6734962E+01,2.8054963E+03,6.1182654E-01,4.0348466E+05,1.6927820E+01,0000000000000000,,,,,621.21413,4.1036277E-05,848.90906,5.4594999E-05,-1.9421986E-03,3.4643784E-03
129.2229084,4.770335E-04,993,3.9988594E+05,1.6734957E+01,2.8038291E+03,6.1182106E-01,4.0348525E+05,1.6857119E+01,0000000000000000,,,,,621.21442,4.1033913E-05,848.90907,5.4592474E-05,-1.7208765E-03,3.4588443E-03
129.2433426,4.776734E-04,994,3.9986712E+05,1.6734951E+01,2.8058875E+03,6.1181551E-01,4.0347344E+05,1.6912050E+01,0000000000000000,,,,,621.21426,4.1035306E-05,848.90928,5.4594057E-05,-1.8703466E-03,3.5168477E-03
129.2637767,4.783132E-04,995,3.9986131E+05,1.6734947E+01,2.8079712E+03,6.1180991E-01,4.0346484E+05,1.6796457E+01,0000000000000000,,,,,621.21406,4.1036827E-05,848.90910,5.4597440E-05,-1.9689086E-03,3.4852007E-03
129.2842110,4.789529E-04,996,3.9987744E+05,1.6734941E+01,2.8067148E+03,6.1180425E-01,4.0347666E+05,1.6839064E+01,0000000000000000,,,,,621.21420,4.1034378E-05,848.90929,5.4594020E-05,-1.9435595E-03,3.6150203E-03
129.3046453,4.795927E-04,997,3.9989072E+05,1.6734936E+01,2.8038840E+03,6.1179858E-01,4.0350162E+05,1.6801216E+01,0000000000000000,,,,,621.21405,4.1030904E-05,848.90940,5.4589567E-05,-2.0273116E-03,3.6817500E-03
129.3250795,4.802323E-04,998,3.9984066E+05,1.6734932E+01,2.8058147E+03,6.1179286E-01,4.0344497E+05,1.6831478E+01,0000000000000000,,,,,621.21405,4.1037580E-05,848.90917,5.4600041E-05,-1.9793769E-03,3.4974797E-03
129.3455137,4.808719E-04,999,3.9985312E+05,1.6734924E+01,2.8026924E+03,6.1178708E-01,4.0346281E+05,1.6792418E+01,0000000000000000,,,,,621.21402,4.1035353E-05,848.90939,5.4596781E-05,-2.0518093E-03,3.6720121E-03
129.3659480,4.815114E-04,1000,3.9990088E+05,1.6734921E+01,2.8056575E+03,6.1178130E-01,4.0351041E+05,1.6895458E+01,0000000000000000,,,,,621.21423,4.1032297E-05,848.90927,5.4593875E-05,-1.9333437E-03,3.6238725E-03
129.3863822,4.821509E-04,1001,3.9985850E+05,1.6734911E+01,2.8055530E+03,6.1178458E-01,4.0346394E+05,1.6895950E+01,0000000000000000,,,,,621.21458,4.1035539E-05,848.90912,5.4599430E-05,-1.6070697E-03,3.4928233E-03
129.4068164,4.827903E-04,1002,3.9987394E+05,1.6734903E+01,2.8055225E+03,6.1178780E-01,4.0348309E+05,1.6703503E+01,0000000000000128,,,,,621.21481,4.1034127E-05,848.90890,5.4599015E-05,-1.3062847E-03,3.3230830E-03
129.4272506,4.834297E-04,1003,3.9989319E+05,1.6734896E+01,2.8014932E+03,6.1179101E-01,4.0350472E+05,1.6826483E+01,0000000000000000,,,,,621.21456,4.1031879E-05,848.90881,5.4596974E-05,-1.5073284E-03,3.0916880E-03
129.4476850,4.840690E-04,1004,3.9985403E+05,1.6734886E+01,2.8068628E+03,6.1179417E-01,4.0346081E+05,1.6849293E+01,0000000000000000,,,,,621.21495,4.1038460E-05,848.90859,5.4607222E-05,-1.1084031E-03,2.8895303E-03
129.4681191,4.847082E-04,1005,3.9987375E+05,1.6734877E+01,2.8077151E+03,6.1179727E-01,4.0348266E+05,1.6787928E+01,0000000000000000,,,,,621.21500,4.1035408E-05,848.90852,5.4604014E-05,-1.0934905E-03,2.8305321E-03
129.4885534,4.853474E-04,1006,3.9989075E+05,1.6734869E+01,2.8026206E+03,6.1180031E-01,4.0350266E+05,1.6895113E+01,0000000000000000,,,,,621.21510,4.1035073E-05,848.90866,5.4603533E-05,-1.0384703E-03,2.8680856E-03
129.5089877,4.859866E-04,1007,3.9989531E+05,1.6734859E+01,2.8044070E+03,6.1180335E-01,4.0350597E+05,1.6756222E+01,0000000000000000,,,,,621.21464,4.1034789E-05,848.90904,5.4602071E-05,-1.4770674E-03,3.2255445E-03
129.5294218,4.866257E-04,1008,3.9989516E+05,1.6734852E+01,2.8030139E+03,6.1180633E-01,4.0349675E+05,1.6825058E+01,0000000000000000,,,,,621.21457,4.1035877E-05,848.90911,5.4603759E-05,-1.5313796E-03,3.3058068E-03
129.5498561,4.872647E-04,1009,3.9985209E+05,1.6734844E+01,2.8025691E+03,6.1180925E-01,4.0346597E+05,1.6837118E+01,0000000000000000,,,,,621.21457,4.1038740E-05,848.90899,5.4608619E-05,-1.4875105E-03,3.1338355E-03
129.5702903,4.879037E-04,1010,3.9989653E+05,1.6734835E+01,2.8052639E+03,6.1181211E-01,4.0350322E+05,1.6887236E+01,0000000000000000,,,,,621.21470,4.1035964E-05,848.90825,5.4608656E-05,-1.4209275E-03,2.6756558E-03
129.5907246,4.885426E-04,1011,3.9985741E+05,1.6734825E+01,2.8032620E+03,6.1181492E-01,4.0346506E+05,1.6882973E+01,0000000000000000,,,,,621.21467,4.1040665E-05,848.90881,5.4613087E-05,-1.4880330E-03,3.1139955E-03
129.6111588,4.891814E-04,1012,3.9986575E+05,1.6734818E+01,2.8008708E+03,6.1181766E-01,4.0347856E+05,1.6810427E+01,0000000000000000,,,,,621.21442,4.1038496E-05,848.90913,5.4609343E-05,-1.6555638E-03,3.3238558E-03
129.6315930,4.898203E-04,1013,3.9991312E+05,1.6734808E+01,2.8035442E+03,6.1182040E-01,4.0352259E+05,1.6840456E+01,0000000000000000,,,,,621.21435,4.1035975E-05,848.90906,5.4606833E-05,-1.8309135E-03,3.3143463E-03
129.6520273,4.904590E-04,1014,3.9988878E+05,1.6734800E+01,2.8016470E+03,6.1182302E-01,4.0350725E+05,1.6845984E+01,0000000000000000,,,,,621.21431,4.1038911E-05,848.90913,5.4611020E-05,-1.7501469E-03,3.3267243E-03
129.6724615,4.910977E-04,1015,3.9985312E+05,1.6734791E+01,2.8029648E+03,6.1182559E-01,4.0346616E+05,1.6823298E+01,0000000000000000,,,,,621.21389,4.1043291E-05,848.90917,5.4617194E-05,-2.1133993E-03,3.4099722E-03
129.6928958,4.917363E-04,1016,3.9990394E+05,1.6734781E+01,2.8000652E+03,6.1182809E-01,4.0351631E+05,1.6874462E+01,0000000000000000,,,,,621.21395,4.1039151E-05,848.90941,5.4611202E-05,-2.1321799E-03,3.5846480E-03
129.7133300,4.923749E-04,1017,3.9987116E+05,1.6734774E+01,2.7999099E+03,6.1183053E-01,4.0348444E+05,1.6874929E+01,0000000000000000,,,,,621.21361,4.1042760E-05,848.90956,5.4615899E-05,-2.4753097E-03,3.7191440E-03
129.7337642,4.930134E-04,1018,3.9984769E+05,1.6734766E+01,2.7981936E+03,6.1183292E-01,4.0346091E+05,1.6852549E+01,0000000000000000,,,,,621.21327,4.1045172E-05,848.90992,5.4618093E-05,-2.7787264E-03,4.0029814E-03
129.7541985,4.936519E-04,1019,3.9986344E+05,1.6734756E+01,2.7999443E+03,6.1183524E-01,4.0347950E+05,1.6838156E+01,0000000000000000,,,,,621.21368,4.1043812E-05,848.90987,5.4617081E-05,-2.4621738E-03,4.0177102E-03
129.7746327,4.942903E-04,1020,3.9988331E+05,1.6734749E+01,2.7990859E+03,6.1183745E-01,4.0350006E+05,1.6857883E+01,0000000000000000,,,,,621.21340,4.1042516E-05,848.90986,5.4615928E-05,-2.6674808E-03,3.9092456E-03
129.7950670,4.949286E-04,1021,3.9984453E+05,1.6734739E+01,2.7981892E+03,6.1183959E-01,4.0346475E+05,1.6824375E+01,0000000000000000,,,,,621.21344,4.1045907E-05,848.90938,5.4623044E-05,-2.5518080E-03,3.5732177E-03
129.8155012,4.955669E-04,1022,3.9987641E+05,1.6734730E+01,2.8006313E+03,6.1184162E-01,4.0349125E+05,1.6819851E+01,0000000000000000,,,,,621.21336,4.1042749E-05,848.90925,5.4619952E-05,-2.6144625E-03,3.3240791E-03
129.8359354,4.962052E-04,1023,3.9985797E+05,1.6734722E+01,2.8028904E+03,6.1184359E-01,4.0347747E+05,1.6783360E+01,0000000000000000,,,,,621.21351,4.1046111E-05,848.90937,5.4624456E-05,-2.5889147E-03,3.4651256E-03
129.8563697,4.968433E-04,1024,3.9985975E+05,1.6734715E+01,2.8020461E+03,6.1184549E-01,4.0348525E+05,1.6716570E+01,0000000000000000,,,,,621.21353,4.1043935E-05,848.90909,5.4623335E-05,-2.5398296E-03,3.1121532E-03
129.8768039,4.974814E-04,1025,3.9981947E+05,1.6734669E+01,2.7974817E+03,6.1184108E-01,4.0343594E+05,1.6778753E+01,0000000000000000,,,,,621.21310,4.1047464E-05,848.90922,5.4627642E-05,-2.9201498E-03,3.3631173E-03
129.8972381,4.981195E-04,1026,3.9989375E+05,1.6734627E+01,2.8003831E+03,6.1183667E-01,4.0352338E+05,1.6665211E+01,0000000000000000,,,,,621.21279,4.1041068E-05,848.91012,5.4615553E-05,-3.2049073E-03,4.1390150E-03
129.9176724,4.987575E-04,1027,3.9981231E+05,1.6734583E+01,2.7997732E+03,6.1183226E-01,4.0343250E+05,1.6767952E+01,0000000000000000,,,,,621.21315,4.1048028E-05,848.90950,5.4627737E-05,-2.8909449E-03,3.5716586E-03
129.9381066,4.993954E-04,1028,3.9982588E+05,1.6734539E+01,2.7991001E+03,6.1182785E-01,4.0344269E+05,1.6846355E+01,0000000000000000,,,,,621.21338,4.1048086E-05,848.90913,5.4629636E-05,-2.6441761E-03,3.2770345E-03
129.9585409,5.000333E-04,1029,3.9985894E+05,1.6734495E+01,2.7970708E+03,6.1182344E-01,4.0348203E+05,1.6790913E+01,0000000000000000,,,,,621.21309,4.1043051E-05,848.91012,5.4618944E-05,-2.9323387E-03,3.9975494E-03
129.9789751,5.006712E-04,1030,3.9981516E+05,1.6734451E+01,2.7971643E+03,6.1181903E-01,4.0342800E+05,1.6806307E+01,0000000000000000,,,,,621.21309,4.1046114E-05,848.90923,5.4627082E-05,-2.8303028E-03,3.2577182E-03
129.9994092,5.013089E-04,1031,3.9984572E+05,1.6734407E+01,2.7994817E+03,6.1181462E-01,4.0346616E+05,1.6814157E+01,0000000000000000,,,,,621.21321,4.1042378E-05,848.90947,5.4621345E-05,-2.7754083E-03,3.4839313E-03
130.0198436,5.019467E-04,1032,3.9981003E+05,1.6734364E+01,2.8001631E+03,6.1181015E-01,4.0343591E+05,1.6740910E+01,0000000000000000,,,,,621.21292,4.1047777E-05,848.90998,5.4626569E-05,-3.0562354E-03,3.9658281E-03
130.0402778,5.025843E-04,1033,3.9988344E+05,1.6734320E+01,2.8005366E+03,6.1180568E-01,4.0350588E+05,1.6810392E+01,0000000000000000,,,,,621.21302,4.1039548E-05,848.90986,5.4616368E-05,-2.9670843E-03,3.8251125E-03
130.0607119,5.032219E-04,1034,3.9983331E+05,1.6734278E+01,2.7996648E+03,6.1180127E-01,4.0345662E+05,1.6728237E+01,0000000000000000,,,,,621.21301,4.1044270E-05,848.91002,5.4622247E-05,-2.9682319E-03,3.9150910E-03
130.0811462,5.038594E-04,1035,3.9983866E+05,1.6734234E+01,2.7989609E+03,6.1179680E-01,4.0345947E+05,1.6802315E+01,0000000000000000,,,,,621.21304,4.1042902E-05,848.90965,5.4622236E-05,-3.0235571E-03,3.6779353E-03
130.1015805,5.044969E-04,1036,3.9984059E+05,1.6734190E+01,2.8009800E+03,6.1179233E-01,4.0346872E+05,1.6745169E+01,0000000000000000,,,,,621.21264,4.1042524E-05,848.91023,5.4619479E-05,-3.4084190E-03,4.0814779E-03
130.1220147,5.051343E-04,1037,3.9982381E+05,1.6734146E+01,2.8001802E+03,6.1178786E-01,4.0344541E+05,1.6735527E+01,0000000000000000,,,,,621.21240,4.1043899E-05,848.91056,5.4620123E-05,-3.6530474E-03,4.5219469E-03
130.1424489,5.057717E-04,1038,3.9864203E+05,1.6734102E+01,2.7995493E+03,6.1178339E-01,4.0224491E+05,1.6692734E+01,0000000000000000,,,,,621.21241,4.1166091E-05,848.91062,5.4782729E-05,-3.5753397E-03,4.4736238E-03
130.1628832,5.064090E-04,1039,3.9468175E+05,1.6734058E+01,2.8020742E+03,6.1177891E-01,3.9823112E+05,1.6710024E+01,0000000000008192,,,,,621.21221,4.1577430E-05,848.91091,5.5329103E-05,-3.6295289E-03,4.6394248E-03
130.1833175,5.070462E-04,1040,3.9448022E+05,1.6734015E+01,2.7956155E+03,6.1177444E-01,3.9801097E+05,1.6637758E+01,0000000000000000,,,,,621.21208,4.1598374E-05,848.91060,5.5358556E-05,-3.8116393E-03,4.4117533E-03
130.2037516,5.076834E-04,1041,3.9812241E+05,1.6733973E+01,2.7982917E+03,6.1176997E-01,4.0171856E+05,1.6591892E+01,0000000000000000,,,,,621.21229,4.1217787E-05,848.91111,5.4850178E-05,-3.6683651E-03,4.8249103E-03
130.2241858,5.083206E-04,1042,3.9985009E+05,1.6733929E+01,2.7988594E+03,6.1176544E-01,4.0347631E+05,1.6827459E+01,0000000000000000,,,,,621.21245,4.1038966E-05,848.91039,5.4615517E-05,-3.6148017E-03,4.2983457E-03
130.2446202,5.089577E-04,1043,3.9984697E+05,1.6733885E+01,2.7984297E+03,6.1176091E-01,4.0346872E+05,1.6755024E+01,0000000000000000,,,,,621.21248,4.1036383E-05,848.91021,5.4613112E-05,-3.5580813E-03,4.0288791E-03
