6949607
7109675
7455287
11446443
10666592
6922244
11754553
008150320
3832474
5358241
5792202
11512246
8644288
6448890
11512246
8564587
6541920
3231341
10874614
6541920
9347899
11359879
5735762
4077526
9821454
9787239
10748390
11804465
9941662
8561063
3632418
8191672
9818381
8644288
9757613
9595827
5794240
9410930
6768394
4349452
8478994
10619192
11295426
9305831
5364071
11807274
5364071
11904151
11401755
11773022
5780885
10264660
2571238
3323887
11853905
10593626
6850504
9478990
10418224
6850504
11401755
10358759
9458613


